200
73 0.880439 0.915151
113 0.747193 0.729661
100 0.938328 0.827647
178 0.931904 0.788541
81 0.515258 0.522109
125 0.884162 0.613717
10 0.917684 0.581828
23 0.815532 0.886665
182 0.504104 0.551449
84 0.73607 0.850656
123 0.898581 0.617547
156 0.958193 0.839899
33 0.949863 0.796262
187 0.968157 0.795819
182 0.690754 0.834086
147 0.884834 0.821773
93 0.981187 0.552838
98 0.703814 0.668752
133 0.623467 0.667226
116 0.650305 0.502441
126 0.837077 0.738099
100 0.80119 0.690113
63 0.884635 0.955218
153 0.747482 0.974947
26 0.659536 0.938145
94 0.5139 0.590769
56 0.997543 0.759307
108 0.797727 0.921163
10 0.666143 0.996384
59 0.894644 0.539533
79 0.732225 0.872154
180 0.507766 0.688404
99 0.624397 0.501297
38 0.551755 0.787031
193 0.998062 0.99968
124 0.627601 0.699435
57 0.799603 0.782942
64 0.616997 0.572154
69 0.51509 0.849756
5 0.893958 0.867119
43 0.798337 0.777769
12 0.535429 0.587916
136 0.810009 0.612542
47 0.693241 0.935993
189 0.979265 0.870674
137 0.535368 0.554028
146 0.834849 0.567028
131 0.928502 0.922292
90 0.85325 0.574275
96 0.888587 0.69263
168 0.753967 0.797605
117 0.825359 0.574672
169 0.644538 0.654181
54 0.820049 0.654272
155 0.697345 0.755722
63 0.660146 0.527128
33 0.934956 0.560269
146 0.676137 0.690922
138 0.52632 0.650259
144 0.645789 0.566356
104 0.563183 0.772658
50 0.711276 0.622933
92 0.908941 0.901648
22 0.958987 0.685139
81 0.700336 0.922368
178 0.60209 0.896903
161 0.751922 0.643821
169 0.643592 0.843729
45 0.774764 0.795621
126 0.548352 0.781126
41 0.785627 0.508224
114 0.873985 0.611199
107 0.666875 0.581248
194 0.570308 0.995636
173 0.849481 0.674565
194 0.813717 0.608377
187 0.846567 0.970812
63 0.861611 0.823818
165 0.674428 0.922582
167 0.552716 0.924687
32 0.87487 0.970644
161 0.807415 0.502121
98 0.709155 0.669057
140 0.858255 0.930272
59 0.941791 0.53491
190 0.526701 0.935063
133 0.787412 0.724504
96 0.723848 0.655554
128 0.862023 0.879524
128 0.548474 0.532591
192 0.682804 0.75415
1 0.950031 0.660055
124 0.70061 0.586298
29 0.981218 0.715716
60 0.848215 0.677281
161 0.742173 0.562435
92 0.950427 0.856042
102 0.784849 0.88874
67 0.886787 0.989365
193 0.55885 0.653448
84 0.933293 0.520934
150 0.504333 0.923634
167 0.551022 0.741623
92 0.695896 0.763732
15 0.846384 0.674596
85 0.574962 0.954165
162 0.81718 0.661871
199 0.840037 0.808544
138 0.62632 0.53018
78 0.558163 0.526549
80 0.831889 0.651694
39 0.57661 0.680897
102 0.552319 0.864922
5 0.917165 0.903204
154 0.777449 0.643744
146 0.585795 0.915349
22 0.760528 0.661413
68 0.692417 0.567074
77 0.953036 0.55383
82 0.511703 0.794217
46 0.591471 0.804059
86 0.685429 0.722536
163 0.618767 0.812099
143 0.738694 0.817852
86 0.942096 0.941089
141 0.511077 0.840677
80 0.899039 0.70772
188 0.559292 0.711291
197 0.545026 0.870537
32 0.627251 0.545163
80 0.792676 0.531401
4 0.967974 0.888679
152 0.84588 0.56033
113 0.701572 0.88578
199 0.585993 0.750076
197 0.565639 0.547818
197 0.901694 0.661245
126 0.92426 0.796826
65 0.716387 0.698367
124 0.808209 0.816189
196 0.971239 0.622795
197 0.626808 0.786512
107 0.88285 0.520796
42 0.585078 0.620964
110 0.719881 0.770613
164 0.81541 0.655096
169 0.950442 0.849466
127 0.860345 0.704089
25 0.710436 0.955432
184 0.979249 0.787931
146 0.94559 0.951572
102 0.862435 0.955218
179 0.602151 0.632576
22 0.782225 0.820751
26 0.689075 0.83079
161 0.555554 0.983522
45 0.729432 0.981462
169 0.997879 0.723802
63 0.863549 0.517272
102 0.877952 0.600854
114 0.982438 0.924718
147 0.797101 0.601846
127 0.56274 0.53047
105 0.981233 0.637748
73 0.661337 0.655859
61 0.747406 0.75682
40 0.618493 0.749283
27 0.954715 0.764556
175 0.725755 0.5352
75 0.633766 0.810116
71 0.753525 0.673604
90 0.769866 0.739106
88 0.612191 0.963412
4 0.959994 0.931279
149 0.855966 0.811993
186 0.928547 0.753052
87 0.540082 0.591913
23 0.740281 0.970034
71 0.922856 0.679692
99 0.550015 0.798795
109 0.979371 0.979387
35 0.939808 0.538465
117 0.96953 0.641303
44 0.880439 0.728776
79 0.701083 0.554394
88 0.674672 0.840265
190 0.951678 0.582591
145 0.960055 0.928883
99 0.582484 0.992432
33 0.529524 0.794141
34 0.996979 0.645819
184 0.931507 0.778303
21 0.589304 0.868065
108 0.60293 0.74765
73 0.993195 0.512862
97 0.724458 0.816967
37 0.606546 0.69022
13 0.639747 0.829066
138 0.829509 0.970522
94 0.600412 0.793226
