200
16434636 0.679432 0.934529
48876073 0.718401 0.971086
15978897 0.795636 0.527159
51627237 0.728761 0.931126
62891121 0.907568 0.566921
41895158 0.776396 0.567028
25943838 0.645362 0.72986
23819015 0.658941 0.550992
25450996 0.5 0.509246
92912031 0.657003 0.998489
1617227 0.833171 0.545545
87604617 0.825145 0.704532
22983924 0.949512 0.769133
32810834 0.845484 0.692356
65279953 0.73137 0.855294
33525951 0.943622 0.574931
40893247 0.835993 0.991852
34549619 0.867211 0.72867
46329002 0.955386 0.9592
87395884 0.926945 0.779829
12477419 0.638602 0.522917
73492894 0.600092 0.903326
41806590 0.676335 0.63877
18376597 0.69646 0.934025
53299285 0.548444 0.970415
9395644 0.587016 0.790601
45638484 0.93343 0.719439
73348860 0.994767 0.71184
74133251 0.781034 0.767806
20379390 0.848428 0.805508
40191825 0.946643 0.633125
10953642 0.698322 0.909658
10236370 0.888847 0.736085
42203066 0.694889 0.766463
73357565 0.929051 0.980638
35797543 0.629799 0.508499
34164433 0.573772 0.646536
71374238 0.539396 0.957614
76071541 0.89939 0.594339
85371181 0.87069 0.736344
37657696 0.999496 0.783079
4157834 0.710024 0.691532
13138745 0.994583 0.600397
85250759 0.573848 0.630851
18297112 0.604318 0.504913
18494628 0.762405 0.871498
22209283 0.78224 0.981492
36016445 0.775755 0.601678
66226100 0.913213 0.808819
8042841 0.792203 0.554226
48147658 0.573085 0.639319
47392274 0.709338 0.993073
14581605 0.850793 0.891868
95223615 0.747605 0.512145
3463604 0.733491 0.956866
72517131 0.61625 0.646414
83732083 0.553464 0.713793
60524871 0.741852 0.796033
97484869 0.998062 0.86123
68342819 0.559399 0.962511
36839530 0.682042 0.559536
55382929 0.8657 0.797574
28144419 0.782072 0.88581
51163308 0.735536 0.964403
35093811 0.734284 0.601678
36289657 0.500015 0.811657
58669650 0.993866 0.733064
9430833 0.787672 0.859597
29762008 0.857385 0.96303
20452789 0.628074 0.599069
82980355 0.847543 0.836787
90772576 0.617638 0.602701
91164592 0.660452 0.779173
25001258 0.648322 0.94884
7574442 0.675328 0.924825
78450514 0.69852 0.957858
95364430 0.52693 0.760772
1026799 0.686665 0.740922
11827701 0.740098 0.581431
83181378 0.887183 0.561382
32376199 0.927235 0.756225
89309803 0.909078 0.508529
29781217 0.54794 0.809719
98567605 0.736863 0.983995
40175223 0.731248 0.814144
6746186 0.834086 0.500656
63154079 0.660543 0.594416
35401086 0.80946 0.793668
17677410 0.520674 0.745819
80847728 0.64524 0.744675
62934185 0.507812 0.964022
60671884 0.988267 0.617836
1592310 0.901648 0.687748
9976320 0.503616 0.608804
90071220 0.700275 0.553647
48392508 0.790327 0.706012
10497267 0.817287 0.664098
45164132 0.860299 0.864495
75710894 0.841669 0.667196
49700858 0.678975 0.992264
21723253 0.86004 0.649268
3257400 0.769011 0.749115
2982355 0.841364 0.840082
17262488 0.876305 0.657843
57880020 0.58433 0.630333
22019687 0.698444 0.528273
20043656 0.72693 0.901694
44541471 0.675755 0.693409
73643420 0.818935 0.669545
47115801 0.844812 0.558422
42996377 0.956515 0.537855
26067408 0.754516 0.961794
85059249 0.979585 0.966875
92542631 0.944431 0.849344
47541754 0.731553 0.853265
39419440 0.986054 0.760406
34941212 0.881477 0.922505
95961793 0.586146 0.626686
77190092 0.809017 0.934147
31685883 0.752716 0.883644
48301872 0.551617 0.699298
31876171 0.523756 0.894309
98364040 0.814159 0.910665
75091779 0.75801 0.685581
40398228 0.541471 0.785276
19446120 0.988648 0.996994
34833400 0.552823 0.519408
79978832 0.839289 0.642249
8420610 0.739411 0.55621
83084150 0.502365 0.682804
59567868 0.824001 0.665838
81363343 0.780241 0.914342
29472939 0.683262 0.838007
33914658 0.688785 0.665594
71098573 0.732438 0.986985
89563869 0.623283 0.909582
57261519 0.872704 0.969332
56856146 0.58697 0.68758
80567525 0.500961 0.913793
8181052 0.982087 0.845285
72558853 0.581919 0.864037
44597290 0.963442 0.581797
71961851 0.783064 0.733613
15655657 0.854257 0.810803
69958187 0.67188 0.573634
31769609 0.624855 0.834559
36548606 0.975465 0.652746
73445228 0.933537 0.830088
18304345 0.903052 0.849817
3189658 0.730272 0.648062
80625443 0.530546 0.858956
12483715 0.922521 0.924123
21288409 0.747849 0.707064
54060486 0.603937 0.502792
86180833 0.768737 0.583964
62616394 0.845117 0.673558
72682059 0.703006 0.984925
50566318 0.547498 0.720003
18710264 0.691257 0.665883
96870634 0.858972 0.780958
21997678 0.602228 0.910772
64077995 0.652731 0.524382
66487107 0.792432 0.61184
55432179 0.568065 0.633613
98661237 0.928593 0.662084
325755 0.613946 0.606332
91157520 0.872276 0.660375
58723380 0.835093 0.865761
34992027 0.627205 0.929036
43669992 0.540449 0.684635
71716291 0.848962 0.843943
46706845 0.594141 0.921315
11502734 0.917394 0.977052
81306920 0.769103 0.568874
81359897 0.571315 0.551541
2960013 0.663015 0.616189
53948687 0.60563 0.709246
94957462 0.676839 0.721941
26822912 0.631309 0.590983
51560556 0.555844 0.70087
9722160 0.897559 0.728868
90105572 0.993073 0.822597
77321411 0.676625 0.751602
28677399 0.795499 0.922948
56094558 0.710955 0.901892
9010933 0.612344 0.827861
9053109 0.723085 0.866662
26710413 0.726213 0.589594
44126739 0.987839 0.91953
91139803 0.906607 0.535612
50497448 0.96715 0.875908
50114572 0.825938 0.629966
70686010 0.507293 0.860635
49788694 0.537992 0.647025
79137155 0.598535 0.887977
49179418 0.518981 0.657873
48778456 0.69765 0.754287
42809907 0.771041 0.829112
24471164 0.612496 0.742981
28172937 0.988328 0.534193
