200
32502244 0.611153 0.932698
96515896 0.50148 0.647757
95316532 0.766692 0.705111
89054207 0.887107 0.932072
90815843 0.505172 0.926121
91279138 0.536253 0.622109
60945117 0.901831 0.985368
6653975 0.650046 0.9092
4036960 0.9796 0.644126
9961966 0.932911 0.83787
38322521 0.77339 0.513778
57022095 0.813259 0.565487
73455182 0.707049 0.596887
39311726 0.976533 0.684452
53461426 0.782865 0.890769
9314777 0.711138 0.607156
33326568 0.583567 0.553433
56333729 0.566433 0.513091
37709112 0.586649 0.632026
47666818 0.823543 0.858651
74548237 0.791425 0.853998
99187388 0.778608 0.949451
98807429 0.658499 0.980577
11157369 0.838358 0.575053
36878326 0.86155 0.722719
59668304 0.928425 0.706179
44829555 0.85206 0.719652
96062425 0.714007 0.754593
32676128 0.735993 0.579951
85460759 0.633003 0.895255
33621244 0.963381 0.98491
74595082 0.741837 0.951175
22896426 0.830363 0.854791
98812441 0.873604 0.840632
12897661 0.793409 0.577113
44576163 0.608773 0.586939
83182340 0.596506 0.797742
46270601 0.558392 0.890647
96270474 0.710421 0.774504
21916309 0.959719 0.764525
1216242 0.584818 0.793027
64873212 0.584666 0.730546
86758635 0.712588 0.645407
69159405 0.960116 0.57989
79201618 0.506881 0.671147
63241498 0.901541 0.695011
69270453 0.990464 0.860681
35251734 0.858392 0.934574
73435619 0.797864 0.521437
82574584 0.57246 0.580638
60372540 0.989548 0.50624
31798448 0.548489 0.848337
23180165 0.679143 0.504455
77873099 0.837458 0.958361
79349778 0.972643 0.895438
77701538 0.632301 0.771559
90300023 0.720644 0.664617
83900951 0.675984 0.986176
45720072 0.582499 0.881828
49256452 0.982301 0.897788
61679147 0.903448 0.742585
38925478 0.869133 0.721392
76192038 0.904135 0.671392
98499126 0.803982 0.976244
94153553 0.682347 0.987839
8195440 0.562359 0.933201
30089409 0.527617 0.635169
50655203 0.698306 0.624352
37956557 0.548154 0.971132
28742837 0.827769 0.915319
6112114 0.610253 0.621742
54072799 0.724214 0.640128
29168095 0.590342 0.897025
6995957 0.726823 0.798291
66338570 0.939304 0.769744
46184285 0.961199 0.814754
65676281 0.559582 0.916311
89478904 0.872658 0.862084
59605381 0.994416 0.820354
8307886 0.571788 0.745179
31048632 0.930088 0.938648
86781118 0.992722 0.848612
35182157 0.510116 0.929753
5711734 0.863915 0.646399
7780899 0.962283 0.944919
44322440 0.991211 0.774199
50089443 0.538251 0.981691
37284505 0.853647 0.664129
58553442 0.765212 0.799863
39966158 0.511611 0.742035
82773539 0.510635 0.899969
6595390 0.827479 0.687244
18680547 0.858972 0.564449
2464356 0.999023 0.754806
35260700 0.801373 0.960894
71925173 0.904913 0.660284
67039327 0.737397 0.808407
66357805 0.763015 0.527037
78188310 0.789594 0.605844
12129710 0.601022 0.895911
75969731 0.930394 0.922872
6777997 0.539762 0.797681
21832103 0.921651 0.753662
2929166 0.888785 0.88755
82334519 0.56654 0.932667
99314154 0.55473 0.642661
13457057 0.773909 0.613351
40386019 0.761794 0.621697
79968575 0.935459 0.808972
7331601 0.585185 0.787229
34635543 0.615044 0.996338
7063449 0.796582 0.890494
74382209 0.55058 0.781691
58162685 0.522612 0.918615
72274528 0.968584 0.629204
48117966 0.715227 0.604394
49050603 0.711245 0.652045
87777531 0.93523 0.998459
94937591 0.675572 0.965914
15937388 0.947772 0.604333
88695215 0.565609 0.605066
17073275 0.630623 0.575313
39966664 0.956744 0.500687
20466826 0.694828 0.974504
50704194 0.672856 0.522048
91544911 0.718004 0.59707
20931028 0.97542 0.580027
47195272 0.98993 0.854806
88544847 0.565868 0.793058
10090867 0.670903 0.723634
93654634 0.899664 0.71567
55030802 0.762237 0.753204
70438360 0.813595 0.629509
69487130 0.889609 0.639289
53599777 0.964953 0.896826
99516421 0.898779 0.858392
7772150 0.583705 0.876549
83455185 0.763686 0.865197
59508933 0.53671 0.902746
30377593 0.807217 0.852197
42778668 0.704898 0.825664
32168800 0.734406 0.572017
51882869 0.672612 0.615243
83873242 0.978135 0.722124
3042085 0.72957 0.527098
85863099 0.857339 0.892218
55495288 0.685352 0.83108
11208123 0.547696 0.573863
20336849 0.996247 0.60235
23640356 0.864785 0.732774
97739858 0.704928 0.574702
92305939 0.859963 0.943683
27749212 0.692112 0.556759
4398889 0.728349 0.58755
27403242 0.741242 0.910436
43160043 0.529661 0.611184
4806725 0.91538 0.591959
95409266 0.72133 0.849741
17081423 0.746597 0.75531
76697012 0.504379 0.911398
79468585 0.738007 0.918325
33505565 0.981324 0.624611
60301245 0.678166 0.691257
31746066 0.627266 0.547772
42128147 0.768035 0.567608
32403293 0.572704 0.5417
85260770 0.560482 0.777815
69963988 0.699512 0.904196
52472087 0.71213 0.705218
48726707 0.549039 0.567516
88405368 0.547971 0.864541
42255659 0.542783 0.857873
74839491 0.938114 0.942951
5716188 0.5157 0.817974
21647768 0.987443 0.903555
17284716 0.561764 0.591623
11437493 0.537458 0.651404
37898979 0.692295 0.870949
68755603 0.980638 0.761993
47402561 0.806607 0.906363
42307032 0.887687 0.772368
67411198 0.975206 0.578685
42374644 0.946628 0.534544
44937610 0.535566 0.533842
70190200 0.71506 0.631523
69861310 0.500137 0.880287
2736278 0.684376 0.855874
26964327 0.777266 0.948749
27913701 0.656897 0.750763
3135702 0.704364 0.614419
7655822 0.9352 0.71332
12719676 0.89347 0.68166
60543473 0.824184 0.660833
73327690 0.889609 0.831477
35846681 0.945362 0.759124
47048348 0.64141 0.631157
38030189 0.864022 0.713717
10862929 0.784284 0.606469
26984415 0.528502 0.623161
66528381 0.736268 0.876533
