200
155 0.976167 0.913351
23 0.581248 0.511306
75 0.546353 0.617943
192 0.513168 0.665777
195 0.926076 0.860848
145 0.652609 0.589625
68 0.995179 0.576198
41 0.567653 0.882743
138 0.92931 0.529799
86 0.746765 0.80029
126 0.787824 0.969057
67 0.718782 0.711977
29 0.934544 0.667013
35 0.923726 0.837122
113 0.853479 0.631324
149 0.775587 0.566982
196 0.583125 0.696048
139 0.506942 0.635505
52 0.958758 0.557293
65 0.808682 0.593088
56 0.935185 0.620827
58 0.536771 0.783766
1 0.774336 0.857995
72 0.914739 0.641745
117 0.638587 0.781965
42 0.779753 0.91596
143 0.938419 0.719057
46 0.56036 0.718523
66 0.961443 0.825053
94 0.902914 0.882926
160 0.664556 0.843927
120 0.738969 0.826472
111 0.861489 0.989991
125 0.672307 0.748581
92 0.689869 0.617074
93 0.926106 0.877006
159 0.512908 0.581309
161 0.785536 0.908193
109 0.611352 0.970857
82 0.56657 0.589945
119 0.963259 0.728181
159 0.697437 0.875801
134 0.906424 0.69144
2 0.578151 0.554776
94 0.842356 0.794217
144 0.548139 0.537244
118 0.685185 0.646948
69 0.606591 0.874809
109 0.794294 0.545743
49 0.553174 0.915883
1 0.970735 0.67336
39 0.515746 0.566463
136 0.555493 0.938328
151 0.964861 0.748261
73 0.554974 0.601678
196 0.847406 0.634864
150 0.849756 0.631096
7 0.964373 0.915594
25 0.726167 0.661245
130 0.735398 0.998551
78 0.522887 0.587428
100 0.593729 0.529173
67 0.915777 0.743332
55 0.507965 0.684468
28 0.588099 0.872475
194 0.587244 0.715487
187 0.560848 0.75946
195 0.963122 0.965166
74 0.604745 0.506149
122 0.711932 0.898825
155 0.729143 0.578898
120 0.551343 0.860772
18 0.561749 0.980912
189 0.975832 0.627571
65 0.804059 0.779448
145 0.949451 0.676442
115 0.687885 0.804486
45 0.814083 0.741242
62 0.775709 0.69643
80 0.761047 0.998337
114 0.860589 0.675816
122 0.611672 0.925587
24 0.935398 0.503433
68 0.826762 0.819316
92 0.535459 0.654532
162 0.672704 0.951877
171 0.520537 0.81007
1 0.879616 0.716219
137 0.867806 0.932911
28 0.995224 0.647833
51 0.606118 0.510543
146 0.52928 0.751038
131 0.948962 0.569698
70 0.961169 0.896765
189 0.790754 0.867409
148 0.809811 0.517486
120 0.828181 0.795041
20 0.800519 0.712176
32 0.973055 0.565517
172 0.775435 0.504898
12 0.742951 0.746552
60 0.939442 0.683949
94 0.765944 0.719423
11 0.878273 0.701465
35 0.728975 0.744919
87 0.591654 0.843988
111 0.845362 0.569912
191 0.612893 0.608636
126 0.532042 0.969179
10 0.701968 0.747391
153 0.780684 0.852853
182 0.661718 0.588328
12 0.993317 0.640845
197 0.602258 0.816326
169 0.64321 0.575709
78 0.525847 0.715288
27 0.830546 0.575908
146 0.988236 0.743622
197 0.93993 0.68523
104 0.875526 0.556088
118 0.98607 0.714709
89 0.577296 0.50264
69 0.669454 0.861489
197 0.604959 0.546628
138 0.964678 0.988541
19 0.555966 0.760558
134 0.546689 0.922139
112 0.825114 0.890342
140 0.832148 0.632591
197 0.677266 0.741929
82 0.693546 0.571224
174 0.779921 0.648825
38 0.79707 0.804394
55 0.616448 0.839075
181 0.842218 0.977327
3 0.919347 0.946353
114 0.547406 0.617699
38 0.945072 0.516707
178 0.848062 0.915197
118 0.614236 0.961031
118 0.763839 0.95029
165 0.832713 0.807019
134 0.558895 0.955005
166 0.746933 0.623604
41 0.981904 0.636024
122 0.835337 0.942966
66 0.837641 0.933995
78 0.662603 0.696155
29 0.724352 0.899573
111 0.880134 0.925587
23 0.785246 0.694767
87 0.714922 0.652884
174 0.57603 0.644294
39 0.806088 0.573161
6 0.960467 0.824397
100 0.891028 0.534117
33 0.623161 0.951312
115 0.569347 0.848398
110 0.643882 0.879051
155 0.75 0.696048
81 0.928486 0.900595
189 0.973177 0.511199
9 0.942341 0.828212
66 0.659078 0.627846
102 0.964709 0.572139
180 0.531828 0.892951
137 0.781599 0.703097
175 0.562145 0.757949
39 0.67751 0.837428
24 0.827052 0.840357
120 0.583064 0.68343
76 0.764846 0.92159
171 0.600504 0.800442
56 0.967943 0.624611
45 0.6722 0.607247
26 0.970674 0.911184
50 0.693912 0.997132
146 0.511993 0.863488
62 0.71538 0.637778
20 0.552411 0.781797
49 0.828532 0.713366
90 0.957629 0.753067
186 0.73163 0.572002
23 0.793134 0.833155
55 0.587229 0.530134
133 0.667882 0.655676
174 0.976655 0.525099
112 0.581721 0.940433
9 0.805569 0.95589
47 0.833232 0.841364
124 0.745804 0.975343
149 0.796277 0.6556
77 0.523833 0.755218
163 0.834696 0.929478
103 0.892707 0.903784
56 0.861001 0.750885
54 0.771651 0.832804
155 0.615166 0.827357
113 0.610833 0.512786
200 0.709811 0.626839
