200
25789909 0.719316 0.933781
92789417 0.819637 0.610284
88690428 0.702823 0.74794
81170172 0.941593 0.863946
63056642 0.690388 0.928746
4264682 0.733094 0.954196
89806785 0.614205 0.887489
22519943 0.993149 0.763778
657550 0.613351 0.820674
89721265 0.525633 0.527998
51755254 0.957568 0.735352
21445535 0.968966 0.891395
5725713 0.783659 0.537153
23912555 0.939152 0.527006
64941573 0.644141 0.6805
14918505 0.984498 0.817714
43372411 0.868782 0.881675
15737816 0.853372 0.600732
63164760 0.738328 0.894126
40827956 0.574229 0.97394
26423286 0.970812 0.846323
84367594 0.848139 0.665273
32390349 0.520461 0.642218
4237218 0.753998 0.964159
86642151 0.688892 0.924046
3914462 0.76596 0.715838
91711842 0.549115 0.59791
53181576 0.583659 0.877815
71983605 0.681691 0.921361
74787892 0.774611 0.639213
85636196 0.723711 0.65412
49990389 0.729478 0.602182
17751303 0.730012 0.77069
99688602 0.929493 0.526274
8020568 0.84704 0.735963
63605337 0.526686 0.634895
17592397 0.799191 0.842966
49668626 0.736268 0.984513
46448143 0.687656 0.61332
50541874 0.541944 0.896414
47204915 0.601663 0.760085
40158421 0.713244 0.95058
58615687 0.542447 0.713229
16113261 0.635856 0.54263
61623133 0.659399 0.707431
2256214 0.953937 0.50267
38459157 0.799085 0.932514
69264929 0.525496 0.777174
40019379 0.866448 0.746353
53591369 0.689594 0.673039
18242363 0.998657 0.950214
67409054 0.846826 0.664144
9378652 0.551495 0.626701
43388344 0.851587 0.760604
61170123 0.898001 0.540098
61095297 0.717348 0.940372
89365957 0.540159 0.599268
54686416 0.634071 0.643409
63542462 0.532316 0.883094
17914787 0.798413 0.828166
15771548 0.717745 0.728334
96657928 0.556301 0.591028
94753129 0.77751 0.879966
93363489 0.857873 0.847589
64283831 0.591623 0.704181
1991969 0.525282 0.577159
25767499 0.912954 0.963625
54549584 0.832514 0.629097
90127450 0.853631 0.655523
76859909 0.898215 0.592142
95215413 0.683781 0.911764
24962504 0.890571 0.725969
35708887 0.942814 0.962069
66746115 0.545011 0.955371
85549362 0.863427 0.659262
55565678 0.994187 0.926869
17607139 0.607736 0.567089
85286285 0.910711 0.627891
67911821 0.816173 0.610726
27245641 0.962008 0.568325
29153892 0.96892 0.78964
58970955 0.578151 0.524779
51871422 0.559628 0.952975
90548407 0.53163 0.847132
85202564 0.581675 0.637443
93271120 0.830226 0.827754
25323174 0.827174 0.967623
41837647 0.921971 0.633064
45737383 0.998169 0.619088
80021693 0.712679 0.797666
61871921 0.630561 0.84347
41772794 0.896048 0.781111
34548092 0.830287 0.556683
58547231 0.596353 0.586924
55601604 0.822338 0.988999
17823682 0.823268 0.944217
88769519 0.811916 0.898276
70299687 0.739777 0.552029
28491484 0.658407 0.845011
56523264 0.741959 0.885642
56658462 0.861535 0.53047
3955140 0.851739 0.566112
96410692 0.860406 0.696948
752977 0.921895 0.791501
15875192 0.644675 0.590754
87600958 0.653692 0.831385
19083772 0.67841 0.987489
47257492 0.926839 0.583262
23416227 0.636451 0.780119
17443081 0.942249 0.691715
92408923 0.953204 0.629143
96315347 0.676976 0.730195
34223510 0.684056 0.675603
49993185 0.651816 0.944995
76870364 0.679005 0.816478
17864562 0.511428 0.562023
29826148 0.569225 0.542615
52099766 0.916845 0.655798
37700694 0.565746 0.838923
27693578 0.750717 0.581233
5527690 0.570796 0.647589
19360714 0.634651 0.967684
46936780 0.601709 0.893088
58468467 0.759414 0.775679
51662496 0.527174 0.570461
26121617 0.527601 0.915944
28483715 0.616051 0.895316
30825672 0.508499 0.931111
93430424 0.898764 0.517104
96404669 0.705829 0.739899
2687249 0.841166 0.794141
76948313 0.637809 0.943607
40534691 0.830684 0.631858
22779996 0.729661 0.695468
89077803 0.975343 0.882881
59240905 0.518767 0.632087
37344021 0.714998 0.810101
20872329 0.672124 0.867684
72004575 0.745163 0.612038
46225382 0.816601 0.550809
2432422 0.753387 0.510665
64294113 0.681416 0.983216
98412421 0.968004 0.901831
5187026 0.553143 0.801877
31159359 0.519606 0.568279
71065600 0.543439 0.72281
79766682 0.614632 0.95476
51779562 0.669011 0.847818
66631428 0.521941 0.506256
37990891 0.744278 0.533766
58539242 0.871498 0.56805
73699768 0.586375 0.823955
44536931 0.765792 0.848825
69463509 0.532759 0.942524
31555463 0.70354 0.946033
96813089 0.771285 0.850961
43144189 0.816128 0.93372
96206655 0.98282 0.867196
26119584 0.916387 0.512954
87406139 0.796292 0.84736
75390409 0.859963 0.724657
98489060 0.556225 0.92986
87464150 0.719088 0.725114
70861413 0.902853 0.842035
17687262 0.768904 0.623787
30258350 0.664785 0.769301
59744239 0.786405 0.883644
7782693 0.563915 0.786756
49788334 0.661626 0.784239
84545764 0.73311 0.853357
4646636 0.821529 0.946887
7342188 0.546308 0.868569
30586850 0.966341 0.922688
22730488 0.760955 0.791471
72482577 0.618401 0.84289
35057218 0.973299 0.822429
43376233 0.983369 0.631752
40239276 0.885795 0.647223
47120637 0.624291 0.781919
26006280 0.887214 0.743653
45291364 0.947605 0.692447
95253734 0.945285 0.750732
690015 0.502319 0.569011
87310924 0.811733 0.900336
86245438 0.590998 0.886878
95995897 0.539823 0.511291
54771794 0.693882 0.916341
64228600 0.81448 0.546018
32309661 0.705035 0.810574
34402627 0.594904 0.729722
35167776 0.981218 0.755951
68761625 0.569545 0.731996
36805994 0.703326 0.685047
20894868 0.923772 0.910986
43091519 0.549969 0.551984
45750037 0.919942 0.620018
11563738 0.684025 0.670278
65634013 0.78993 0.576686
21261194 0.551419 0.613335
75156851 0.940189 0.794599
