200
145 0.799725 0.910421
122 0.795346 0.847849
163 0.681675 0.815899
193 0.646323 0.700687
177 0.529951 0.929905
1 0.509231 0.980653
81 0.816677 0.928029
164 0.55029 0.945728
86 0.973436 0.883186
15 0.750412 0.967745
195 0.759078 0.767409
103 0.756942 0.557888
11 0.617806 0.81628
14 0.670354 0.710375
39 0.64794 0.840647
95 0.638221 0.899359
195 0.764007 0.583552
10 0.656485 0.719912
158 0.869423 0.974336
47 0.623818 0.783277
89 0.92931 0.942463
189 0.770049 0.617806
96 0.801922 0.629204
160 0.897208 0.553982
69 0.618126 0.692661
5 0.743287 0.948932
177 0.95264 0.750305
105 0.518538 0.691974
153 0.570446 0.655371
171 0.583125 0.792981
68 0.720308 0.575481
62 0.645682 0.552777
180 0.847299 0.540967
181 0.578242 0.907782
86 0.768096 0.573314
157 0.776472 0.598596
63 0.862466 0.500839
167 0.75624 0.889518
173 0.741364 0.933247
199 0.682759 0.732881
125 0.719698 0.910787
21 0.587992 0.583781
57 0.814449 0.779081
197 0.958941 0.596628
135 0.965166 0.682774
140 0.985719 0.731935
115 0.801007 0.527968
20 0.856744 0.935886
96 0.614327 0.651739
35 0.892295 0.587366
5 0.812115 0.566951
2 0.827739 0.900229
70 0.562313 0.83462
36 0.507766 0.985627
178 0.696628 0.66866
49 0.945957 0.880897
154 0.737885 0.6083
40 0.950671 0.603311
142 0.748169 0.818142
4 0.63224 0.748596
144 0.609643 0.60328
90 0.901053 0.889365
32 0.913091 0.872734
8 0.852045 0.600031
18 0.90412 0.860131
82 0.521239 0.904257
135 0.98375 0.726762
197 0.709063 0.872551
65 0.645514 0.545606
37 0.702243 0.550092
194 0.511596 0.903036
125 0.605874 0.936466
77 0.875542 0.77484
67 0.932164 0.927052
123 0.924062 0.743042
20 0.894141 0.524107
55 0.663915 0.837412
98 0.83343 0.800336
182 0.580607 0.61744
49 0.685841 0.605172
28 0.767745 0.873116
81 0.665868 0.911306
70 0.750687 0.829204
68 0.747376 0.568035
100 0.550046 0.795041
104 0.842554 0.618325
104 0.749802 0.630882
25 0.648825 0.815639
139 0.516219 0.506576
142 0.755249 0.600595
67 0.716555 0.527922
156 0.589686 0.636268
22 0.578227 0.709139
67 0.956088 0.610192
15 0.766021 0.790143
190 0.573482 0.957675
130 0.905584 0.847833
112 0.992844 0.506118
109 0.503387 0.843042
191 0.85264 0.844751
185 0.972627 0.991318
44 0.944248 0.555005
183 0.632103 0.960818
77 0.816082 0.84939
181 0.66155 0.6935
177 0.952304 0.732865
65 0.641562 0.933064
68 0.740632 0.572627
98 0.530287 0.63314
54 0.798764 0.512161
39 0.807858 0.627022
134 0.578975 0.547711
110 0.60502 0.579143
45 0.822231 0.868401
72 0.99263 0.616982
125 0.705356 0.804059
139 0.806408 0.977418
104 0.723085 0.991288
179 0.973985 0.803341
95 0.791288 0.721346
72 0.86895 0.707156
25 0.552838 0.933857
96 0.794171 0.692478
33 0.733018 0.532637
156 0.862817 0.802457
72 0.935093 0.684788
97 0.858071 0.759673
16 0.802472 0.586604
188 0.677754 0.687046
144 0.814785 0.897742
154 0.767196 0.567058
116 0.943927 0.727937
78 0.578181 0.718325
180 0.782469 0.762542
141 0.623299 0.558148
198 0.887977 0.905096
118 0.688938 0.588007
86 0.770842 0.752045
35 0.7861 0.70116
157 0.504638 0.865105
144 0.521178 0.875938
104 0.670217 0.729539
152 0.819591 0.902762
67 0.56776 0.544599
70 0.897482 0.804287
39 0.659673 0.6509
45 0.611092 0.86419
141 0.852395 0.516494
36 0.886024 0.988587
13 0.801038 0.845652
34 0.897437 0.801648
106 0.737046 0.601831
129 0.60267 0.732926
15 0.692447 0.61181
53 0.683094 0.702823
100 0.732514 0.505905
169 0.990632 0.665807
166 0.728105 0.608178
86 0.783857 0.541471
30 0.60975 0.588175
104 0.937275 0.763839
130 0.761794 0.77928
156 0.981172 0.621788
37 0.547757 0.625511
184 0.836939 0.559918
172 0.720156 0.796643
165 0.521193 0.974611
178 0.97426 0.677693
134 0.959506 0.582759
82 0.96329 0.751053
160 0.942524 0.977281
95 0.520507 0.915105
57 0.734132 0.825008
81 0.939304 0.580333
175 0.968203 0.618904
16 0.761947 0.517623
101 0.807156 0.786298
22 0.929463 0.966631
67 0.944751 0.582987
12 0.667455 0.503967
190 0.984071 0.888465
111 0.931309 0.688114
95 0.563946 0.56953
116 0.92783 0.601465
31 0.91448 0.809796
56 0.976182 0.658682
105 0.850931 0.528074
75 0.586619 0.514937
5 0.629539 0.53491
16 0.928227 0.640967
85 0.653586 0.723772
152 0.64408 0.704486
23 0.791501 0.667486
37 0.561779 0.866402
84 0.616921 0.808392
176 0.557019 0.531477
64 0.76448 0.802594
180 0.963732 0.546811
141 0.877388 0.818081
40 0.805783 0.881874
