200
21056432 0.927662 0.936131
91282496 0.635749 0.507522
34631195 0.793653 0.589457
73241903 0.808026 0.741135
35054341 0.904257 0.661626
79934917 0.835444 0.640998
21015698 0.545163 0.860208
49292829 0.612588 0.930348
63148394 0.558148 0.811489
25659131 0.83726 0.502304
30785831 0.601099 0.640601
38252935 0.551648 0.905874
58029051 0.970049 0.864037
65462672 0.745652 0.645148
43652353 0.984132 0.594904
34040123 0.5231 0.790296
7233028 0.932682 0.560253
73128805 0.830073 0.901587
36012968 0.585139 0.93137
60741685 0.746125 0.765716
88410402 0.763152 0.966265
93487510 0.83758 0.944507
72903358 0.975542 0.964739
54237876 0.573741 0.63639
82501164 0.615441 0.536024
23973513 0.805218 0.850092
10911809 0.720049 0.6787
43956557 0.805172 0.891074
81551415 0.792966 0.673528
48831731 0.872597 0.66033
11093599 0.688938 0.788312
18271163 0.998505 0.765655
49242514 0.561092 0.795575
78519215 0.594385 0.945529
20758425 0.87069 0.802624
53837321 0.78311 0.805523
28772814 0.959506 0.89411
31328726 0.752685 0.866906
12675731 0.684468 0.587153
28441718 0.672093 0.928181
51001546 0.614953 0.59881
62528742 0.669805 0.738877
61731158 0.792554 0.926289
2855048 0.87487 0.985719
47264924 0.553448 0.739503
8765299 0.520461 0.59173
63037448 0.912939 0.586009
81197317 0.609704 0.827266
57356176 0.513015 0.908727
64489061 0.644431 0.734086
34685220 0.631782 0.87603
45110516 0.916036 0.861504
37571137 0.756027 0.52426
95295708 0.859078 0.815365
4661344 0.715838 0.712725
14386068 0.967211 0.619255
47397243 0.881843 0.891471
19385672 0.771788 0.888343
71279787 0.925069 0.681248
28555632 0.882804 0.815807
4944484 0.639182 0.766051
94318666 0.592478 0.971559
84772415 0.825145 0.598306
33678415 0.541196 0.913625
52441664 0.738679 0.916311
77510078 0.946063 0.611947
34174608 0.599847 0.574489
42804776 0.89199 0.684681
59249329 0.66541 0.685764
29243871 0.685093 0.947147
55174228 0.863595 0.576854
38858075 0.768706 0.773024
60934021 0.991318 0.555645
83168754 0.702045 0.768248
90640766 0.974031 0.991379
45196365 0.701053 0.757309
41219538 0.68787 0.707309
91499964 0.74202 0.582103
24798014 0.844461 0.685581
97334492 0.727556 0.713213
65995766 0.938282 0.58494
48392205 0.715136 0.673833
65077012 0.756317 0.570796
13341946 0.708041 0.775999
22589549 0.95032 0.957766
13850389 0.509033 0.669469
54801079 0.671712 0.664861
44404987 0.636131 0.703021
44068647 0.76863 0.98285
79356976 0.801358 0.598322
34009866 0.545911 0.654577
40093538 0.951663 0.936176
79639597 0.587214 0.767363
49430019 0.872399 0.955493
42177358 0.639854 0.958163
56767212 0.853387 0.66448
97595091 0.562054 0.931172
49832575 0.917409 0.76448
57482753 0.832652 0.787809
64965530 0.61126 0.886421
45843123 0.623528 0.669393
40356039 0.859185 0.639533
83564993 0.934086 0.71213
57748418 0.879005 0.972673
12337822 0.788892 0.81477
49091122 0.660574 0.848245
26310294 0.997086 0.71866
89999842 0.506759 0.728425
33092269 0.974886 0.90029
27858795 0.63697 0.874031
59053494 0.630256 0.776442
59723703 0.85325 0.95589
78769197 0.810131 0.721651
38964827 0.768752 0.978624
83467650 0.810314 0.898413
90224466 0.598703 0.516982
10341310 0.94762 0.89968
89536303 0.513946 0.764587
5860037 0.694736 0.703982
95242987 0.556988 0.895499
18198313 0.877342 0.942951
44173878 0.620507 0.737794
55414118 0.934056 0.981477
82133264 0.988312 0.759994
51352462 0.738633 0.810238
75841581 0.938969 0.869912
13296800 0.98459 0.750732
64678535 0.911703 0.525999
56643899 0.632759 0.972948
9711598 0.734971 0.661001
73187561 0.92072 0.825435
97460564 0.917424 0.918569
34335437 0.935383 0.977769
52566421 0.501587 0.701861
1643768 0.747543 0.875801
9901242 0.97957 0.534971
50928654 0.609185 0.509063
27004300 0.771956 0.736665
98760879 0.713274 0.990922
40762932 0.768493 0.906881
21049617 0.516112 0.951266
5644675 0.931797 0.725389
824923 0.621865 0.74141
93153440 0.96332 0.563183
15199547 0.730088 0.951709
97849950 0.531889 0.906301
72427373 0.645346 0.741745
79255530 0.564571 0.592249
99091225 0.849481 0.982774
10189107 0.600427 0.858575
14117520 0.636482 0.712923
18012264 0.706378 0.704516
89243779 0.809567 0.904608
49319540 0.955752 0.564617
17997247 0.94115 0.544828
53106832 0.969316 0.795056
39475081 0.694995 0.527525
13905339 0.518767 0.972643
6959143 0.710955 0.858804
55975480 0.692707 0.505996
49012859 0.55235 0.674504
97433595 0.625298 0.559323
63892041 0.715594 0.570201
17627472 0.787107 0.788923
70376440 0.702609 0.74379
53645136 0.838785 0.891944
70755287 0.655478 0.950671
72588599 0.546964 0.967653
22422224 0.553738 0.771269
52260380 0.76274 0.691334
90562761 0.974138 0.691013
95917655 0.962862 0.800504
72032792 0.913 0.993042
12791564 0.853128 0.893943
53940810 0.670857 0.963274
74764689 0.534391 0.542859
68355118 0.799695 0.907919
91657728 0.731034 0.714693
40784585 0.612954 0.983583
5158094 0.582194 0.509643
55714968 0.757461 0.839884
63677223 0.995011 0.709231
62143768 0.848489 0.574474
89886564 0.560879 0.637885
2887987 0.66686 0.500641
61338576 0.533735 0.836558
30653193 0.918706 0.727357
30253529 0.871224 0.549222
89755929 0.557873 0.552014
51456946 0.838282 0.521529
79509229 0.670476 0.665197
34155500 0.672933 0.612283
94093975 0.922368 0.668599
834224 0.814937 0.717211
85842728 0.568843 0.904837
23865505 0.696857 0.505325
47099972 0.526747 0.600198
57784308 0.597421 0.967608
94629758 0.50949 0.819591
96726075 0.557705 0.778624
