200
149 0.832591 0.916051
58 0.580195 0.838847
197 0.634345 0.68253
171 0.891288 0.599939
124 0.559841 0.602731
99 0.749954 0.875755
81 0.878929 0.584651
181 0.939472 0.638648
120 0.541486 0.562283
167 0.980699 0.875832
138 0.703982 0.941761
85 0.827907 0.90386
120 0.707522 0.860879
64 0.740388 0.775175
132 0.609399 0.68549
131 0.689457 0.949176
141 0.680256 0.731218
146 0.802258 0.685368
173 0.955798 0.97217
42 0.571117 0.70711
177 0.788023 0.546765
89 0.933399 0.893271
78 0.689792 0.75386
193 0.913839 0.891562
180 0.920003 0.516265
20 0.880943 0.928135
129 0.527144 0.529448
139 0.666433 0.522505
167 0.768477 0.582072
57 0.890525 0.617821
155 0.766067 0.886268
93 0.892127 0.619377
108 0.755829 0.756927
178 0.741456 0.806256
44 0.652182 0.691013
40 0.978319 0.860635
5 0.692951 0.883766
184 0.532713 0.65412
181 0.966921 0.539213
183 0.807675 0.755722
173 0.965853 0.552579
55 0.70441 0.693958
121 0.76181 0.823085
185 0.500793 0.626625
69 0.797742 0.658926
34 0.528975 0.56242
159 0.909673 0.527052
179 0.589487 0.946033
80 0.882728 0.838526
119 0.556332 0.581004
167 0.895575 0.60975
55 0.730165 0.828761
169 0.939045 0.762084
21 0.74765 0.607278
196 0.518554 0.582759
113 0.816509 0.723238
59 0.977556 0.524855
84 0.782011 0.828563
178 0.926366 0.644767
35 0.600992 0.600244
17 0.833308 0.615288
124 0.770049 0.919805
136 0.655539 0.980806
22 0.684529 0.685475
40 0.756454 0.69733
186 0.859506 0.737626
63 0.597482 0.586009
140 0.983796 0.533018
130 0.609796 0.690357
113 0.96654 0.972261
68 0.563885 0.722872
27 0.535337 0.986375
36 0.969439 0.881385
197 0.617531 0.929692
27 0.872185 0.872093
3 0.74585 0.824336
154 0.675908 0.554013
172 0.635383 0.865121
85 0.623787 0.785673
43 0.94852 0.63787
90 0.632042 0.868081
80 0.655294 0.540372
51 0.596018 0.501877
192 0.874001 0.735764
159 0.89498 0.975069
103 0.703677 0.926655
115 0.920842 0.931706
159 0.895941 0.625221
8 0.859124 0.602838
61 0.825069 0.724947
130 0.971132 0.875954
29 0.660436 0.864541
120 0.576442 0.594614
141 0.991242 0.625191
12 0.626961 0.582225
36 0.958331 0.834895
95 0.511596 0.636573
26 0.777006 0.977022
152 0.843637 0.701327
119 0.950534 0.727724
136 0.778471 0.658117
196 0.536756 0.793485
104 0.693546 0.752716
33 0.604715 0.794873
189 0.655096 0.639442
200 0.566631 0.759262
88 0.803082 0.957827
171 0.953601 0.658529
177 0.923451 0.81065
112 0.986237 0.666112
76 0.857507 0.551114
83 0.534071 0.72719
148 0.831797 0.976961
109 0.824626 0.946628
63 0.594583 0.927754
180 0.615761 0.51541
188 0.725511 0.95415
97 0.544522 0.728792
17 0.959597 0.738129
171 0.579768 0.913274
10 0.644141 0.848734
185 0.989487 0.582514
10 0.843424 0.787397
16 0.555569 0.703494
59 0.930806 0.667379
33 0.988587 0.880745
53 0.575252 0.850504
125 0.67635 0.871758
9 0.651449 0.989518
18 0.602228 0.94675
95 0.592249 0.761474
50 0.562023 0.508636
194 0.870293 0.688282
9 0.744141 0.909139
191 0.957858 0.886436
194 0.88874 0.848535
55 0.578868 0.933003
186 0.663885 0.936878
24 0.650549 0.839945
143 0.655203 0.743775
135 0.824947 0.959017
12 0.523848 0.776259
109 0.794843 0.553692
196 0.50415 0.619637
77 0.838847 0.837916
101 0.555462 0.761153
37 0.756866 0.557217
68 0.709231 0.708071
24 0.703479 0.733369
153 0.528822 0.719103
24 0.775786 0.580012
94 0.686192 0.606408
98 0.865182 0.876717
30 0.520308 0.944538
137 0.553372 0.833979
76 0.637809 0.958224
51 0.532576 0.746552
27 0.712176 0.661504
172 0.97339 0.586375
91 0.691944 0.803235
31 0.759429 0.686787
193 0.709063 0.647177
2 0.872902 0.881584
125 0.642325 0.892676
142 0.759628 0.947696
186 0.605203 0.938724
107 0.536924 0.522383
36 0.651038 0.517867
10 0.749893 0.884071
185 0.787107 0.794995
147 0.83877 0.668691
97 0.522399 0.647864
63 0.86802 0.794904
193 0.706042 0.83462
1 0.697879 0.664373
182 0.907476 0.923955
22 0.963137 0.639289
162 0.60444 0.523329
60 0.77661 0.950641
55 0.54881 0.807293
138 0.804806 0.61242
24 0.930882 0.931141
199 0.588511 0.675954
71 0.924092 0.926564
191 0.508026 0.816509
149 0.928059 0.93256
14 0.939197 0.861337
145 0.899237 0.923116
144 0.720919 0.510742
42 0.627647 0.770537
122 0.872582 0.73105
102 0.749146 0.839655
161 0.872032 0.674504
97 0.737031 0.656729
74 0.54347 0.567379
86 0.656195 0.85
12 0.524001 0.86892
125 0.652029 0.829905
67 0.688862 0.69942
26 0.545697 0.876427
