200
80 0.776747 0.917089
16 0.885322 0.549588
60 0.696338 0.67986
95 0.843897 0.629875
39 0.86184 0.696796
13 0.843363 0.931477
63 0.917043 0.671285
48 0.750748 0.599283
15 0.585093 0.741562
70 0.682804 0.655233
178 0.9769 0.903372
40 0.509262 0.645163
175 0.591471 0.519637
2 0.974626 0.667745
48 0.597818 0.678776
50 0.628197 0.847818
9 0.912466 0.855996
44 0.833766 0.621422
197 0.843546 0.577998
44 0.645392 0.529249
182 0.730806 0.90682
80 0.587672 0.630333
155 0.629127 0.852243
9 0.691273 0.71094
98 0.723894 0.60737
155 0.809185 0.738435
69 0.894934 0.594583
119 0.596567 0.55737
10 0.721208 0.515349
6 0.885703 0.709139
50 0.805539 0.73607
170 0.840601 0.538847
165 0.6592 0.721849
20 0.54614 0.995346
148 0.581965 0.66422
9 0.887534 0.798734
184 0.568538 0.751404
146 0.517714 0.999741
40 0.827434 0.510223
23 0.707003 0.959078
46 0.577998 0.623177
150 0.734895 0.984315
191 0.955554 0.90206
198 0.526259 0.849008
119 0.669286 0.995179
52 0.771514 0.738862
70 0.580333 0.730409
23 0.610619 0.890403
175 0.66715 0.563534
69 0.918645 0.867409
179 0.977449 0.723879
101 0.619118 0.625221
2 0.699344 0.637992
49 0.57986 0.802441
88 0.976579 0.880928
155 0.832286 0.618721
150 0.610619 0.56686
87 0.905523 0.905813
196 0.893119 0.55502
59 0.798718 0.7231
193 0.565166 0.93166
178 0.838618 0.766173
95 0.859872 0.739838
17 0.69765 0.935856
131 0.821926 0.684773
47 0.993164 0.5518
13 0.667287 0.851861
183 0.964052 0.837153
174 0.917302 0.6509
101 0.537809 0.528624
38 0.971803 0.556652
146 0.973528 0.8408
165 0.739106 0.564922
28 0.505966 0.602777
28 0.982011 0.935902
118 0.833323 0.742966
2 0.726808 0.567714
33 0.70476 0.996613
151 0.98134 0.542615
94 0.577006 0.803235
76 0.682026 0.831752
9 0.644477 0.918309
141 0.79736 0.640159
70 0.809033 0.842157
16 0.923695 0.738633
148 0.660162 0.833522
77 0.576549 0.673467
101 0.59675 0.589823
150 0.772414 0.780012
100 0.647788 0.69939
117 0.974199 0.768081
101 0.655874 0.769805
182 0.59823 0.604287
167 0.586298 0.769561
161 0.618813 0.804638
37 0.62722 0.652807
20 0.916219 0.88047
105 0.767867 0.830043
151 0.959979 0.865243
106 0.990845 0.564388
97 0.764525 0.90148
182 0.907904 0.974962
168 0.859811 0.599008
41 0.914968 0.581218
36 0.848581 0.598428
135 0.556897 0.781858
161 0.536665 0.803143
8 0.586115 0.900137
56 0.686802 0.887885
146 0.985673 0.995575
34 0.72072 0.767074
142 0.81773 0.614541
6 0.741196 0.524367
63 0.966662 0.580668
141 0.631218 0.675786
192 0.984056 0.882087
142 0.768004 0.87902
113 0.621941 0.750809
2 0.633933 0.61982
126 0.575862 0.718874
33 0.872261 0.817531
138 0.760909 0.83578
82 0.688862 0.50859
22 0.925221 0.903372
90 0.500977 0.598016
187 0.879066 0.594171
11 0.947437 0.93375
119 0.896262 0.725648
150 0.858941 0.961657
154 0.739716 0.83198
147 0.608407 0.779921
1 0.588389 0.565227
137 0.982103 0.83755
165 0.710467 0.936375
183 0.891715 0.628883
179 0.849069 0.532728
66 0.952197 0.833415
62 0.776747 0.683644
149 0.740403 0.755111
77 0.643363 0.659277
176 0.98758 0.934635
64 0.903708 0.930943
63 0.608834 0.758712
200 0.576396 0.868081
6 0.894324 0.58311
161 0.668828 0.551572
122 0.947666 0.632911
171 0.61625 0.712695
29 0.612023 0.557629
56 0.836619 0.722124
48 0.744324 0.813137
95 0.813915 0.616112
49 0.838755 0.828212
106 0.798032 0.922307
27 0.728364 0.504394
197 0.567119 0.595423
125 0.969545 0.805798
103 0.545499 0.755478
106 0.601556 0.833628
103 0.724916 0.706042
50 0.832576 0.6592
19 0.606347 0.950031
168 0.901449 0.624565
53 0.580272 0.690128
37 0.957644 0.621559
98 0.605966 0.650992
129 0.858422 0.840967
81 0.54672 0.563381
112 0.861367 0.957766
123 0.882667 0.860665
136 0.854883 0.996262
133 0.566982 0.624748
84 0.583186 0.514998
33 0.826396 0.638541
23 0.846735 0.575481
11 0.549588 0.62339
164 0.956729 0.527907
150 0.862603 0.918798
13 0.855981 0.766768
142 0.880729 0.567226
85 0.851129 0.600946
33 0.75383 0.555966
134 0.893943 0.549725
120 0.808361 0.907339
156 0.866097 0.539014
26 0.640372 0.956927
70 0.924626 0.936543
67 0.74495 0.583064
191 0.715777 0.948688
180 0.992112 0.909658
48 0.727449 0.913793
172 0.786359 0.661245
128 0.785246 0.781996
74 0.893485 0.967302
38 0.768737 0.880973
149 0.993195 0.555233
6 0.594355 0.744095
173 0.833033 0.997559
1 0.941425 0.633125
50 0.731874 0.556851
