200
30378937 0.967547 0.935383
35195841 0.736985 0.646704
33600893 0.700839 0.810238
2752071 0.520888 0.673955
8961697 0.687077 0.523482
16079044 0.792142 0.528197
84845877 0.514007 0.517882
48026526 0.946796 0.643164
38387715 0.671514 0.622948
22468365 0.70589 0.531782
80923859 0.725496 0.830409
72061083 0.695468 0.592768
40770840 0.804181 0.632057
56564393 0.839319 0.979768
43313974 0.896903 0.920064
15399909 0.563976 0.533094
9679424 0.965487 0.950046
54382539 0.816234 0.773665
52848726 0.868065 0.866295
40464690 0.893378 0.959826
2323501 0.595407 0.789701
4394979 0.585642 0.706469
89745282 0.819667 0.968187
40065729 0.631263 0.66654
15844030 0.755905 0.98964
18459563 0.984178 0.775328
83243332 0.835703 0.557186
50014670 0.894034 0.55708
79434537 0.693622 0.827083
3240234 0.798779 0.993988
82796134 0.965975 0.809307
57307911 0.529692 0.958148
56757448 0.902212 0.83018
36037520 0.828975 0.705356
55421426 0.788679 0.557965
7837745 0.679997 0.931904
12233546 0.68494 0.590571
9623115 0.949573 0.893805
83052332 0.972704 0.606149
93612410 0.843302 0.588282
60548766 0.717089 0.575816
98529328 0.673024 0.99791
7208101 0.840388 0.539167
33750317 0.936878 0.897498
90558176 0.608544 0.94202
18719514 0.711993 0.722872
79287322 0.929799 0.537031
14478570 0.859399 0.502792
57374852 0.966219 0.846262
10070358 0.541837 0.852884
4779926 0.5574 0.686955
65061761 0.55354 0.532576
32368185 0.956698 0.759063
43493205 0.963061 0.563869
88658797 0.880348 0.795911
76673300 0.56834 0.913213
26772953 0.868538 0.776945
13514449 0.664007 0.735703
37370148 0.959292 0.703113
78094832 0.621834 0.681462
10134667 0.674901 0.934864
35593666 0.783049 0.765014
77639291 0.820583 0.592463
75944133 0.663534 0.796811
55373519 0.596002 0.518843
43245157 0.97133 0.877418
1272457 0.518935 0.805066
61698131 0.936832 0.954165
19614772 0.661657 0.878227
85683758 0.955218 0.94022
67409286 0.699832 0.651831
73048001 0.541654 0.896308
79252918 0.773726 0.738541
98655446 0.598734 0.774779
68615686 0.662161 0.725816
22311529 0.99672 0.72632
37171313 0.768676 0.513641
75726683 0.966051 0.969027
80882134 0.920537 0.714876
67689688 0.80238 0.720156
62740690 0.979982 0.618355
18053358 0.884162 0.690082
60909052 0.768004 0.714037
31580913 0.502823 0.639136
41391493 0.800763 0.781065
26600722 0.505157 0.996567
43228339 0.838343 0.538099
50808780 0.748627 0.542402
72194156 0.74614 0.856118
78563710 0.868798 0.651297
32914835 0.668676 0.534025
47452613 0.859445 0.599466
12562613 0.515868 0.636298
98033698 0.965136 0.933598
81416809 0.761932 0.893546
26165618 0.886329 0.902685
75834575 0.556698 0.665365
74968130 0.796887 0.951984
10230575 0.64939 0.965624
71787936 0.674245 0.779799
80778332 0.625023 0.550595
41053779 0.941913 0.956515
50735166 0.953128 0.568996
41271676 0.924611 0.606363
70332993 0.849237 0.775191
14672394 0.615838 0.651388
25350410 0.948566 0.804455
18974029 0.757843 0.618264
82865075 0.792417 0.510894
71927909 0.734391 0.507354
34724205 0.626945 0.867714
29971642 0.775709 0.724291
27933458 0.514587 0.930348
70189982 0.976091 0.574291
86505327 0.757766 0.861626
68669588 0.624031 0.818569
5226246 0.635383 0.519774
45641508 0.844644 0.793699
40112472 0.951419 0.608773
91250682 0.554989 0.593088
75424129 0.896521 0.891242
31691189 0.731401 0.811153
3986858 0.72162 0.963915
65542720 0.989716 0.850107
62616730 0.724321 0.595423
82451542 0.977891 0.788862
80656181 0.547833 0.626671
15590911 0.580897 0.814846
41620946 0.792112 0.933842
23064885 0.938419 0.718096
16306942 0.937885 0.953738
19303700 0.775008 0.947833
45364421 0.582835 0.771636
67657156 0.542463 0.731736
45881164 0.990449 0.771681
5836443 0.875053 0.757446
31011156 0.951449 0.849802
64729549 0.85711 0.916768
90230696 0.957492 0.689152
78741726 0.603006 0.612389
24665020 0.687565 0.597894
25407034 0.649771 0.626839
27242725 0.80679 0.909628
82652042 0.662222 0.554272
76400719 0.577815 0.946353
63404107 0.950442 0.794553
15645450 0.784468 0.54379
57622633 0.800015 0.609994
47385541 0.96834 0.639213
71182969 0.614419 0.744278
92031318 0.977418 0.921987
5519250 0.870201 0.604348
12492303 0.82751 0.546399
64722563 0.884574 0.504379
89597273 0.875954 0.906897
61045363 0.895468 0.97246
9904444 0.808117 0.976289
33221975 0.954089 0.61985
88143065 0.936085 0.705874
46543754 0.630027 0.572383
28598220 0.810085 0.988374
58070057 0.528792 0.964785
84836316 0.642249 0.68346
33089474 0.621941 0.99736
89369696 0.542936 0.705493
83544963 0.88964 0.554959
39309238 0.569622 0.673985
21615143 0.775771 0.888648
37185763 0.588175 0.626488
93136152 0.955401 0.860055
49751271 0.946704 0.793958
56585766 0.915029 0.747772
64891510 0.961932 0.938679
27989734 0.844995 0.61657
45063490 0.717943 0.754654
6894663 0.844675 0.7491
57782664 0.677479 0.830424
36972309 0.939991 0.639976
87340474 0.605935 0.674565
5861984 0.913579 0.552411
91284173 0.807507 0.803464
68825385 0.947223 0.637382
85512370 0.674184 0.891868
48520089 0.577113 0.615273
33038867 0.546903 0.985581
48290773 0.961184 0.520003
76306341 0.889503 0.777037
67738948 0.95949 0.505645
77906083 0.775038 0.943012
68428836 0.526579 0.715624
90404954 0.684559 0.54524
52802553 0.916524 0.714312
60213959 0.618431 0.992981
45682231 0.700748 0.981172
49829860 0.520262 0.568828
46727057 0.597849 0.96744
9885254 0.513122 0.516189
6866581 0.616311 0.715197
17645186 0.948383 0.689945
43709990 0.509567 0.53906
