6915
32730090
83480892
68670488
28807675
15664120
55719811
28089218
23982110
95207914
90447
88181354
93601974
53584705
28066357
38226940
15035729
96311796
82822363
63154968
64084431
78178028
6150268
10103250
38502117
78164361
18944360
30900467
94791069
46643483
8847745
74717046
35100372
91260521
52890559
57503500
12300986
70957614
73842093
85633945
95589973
81916822
9739498
20046260
33845503
36122822
33880233
37202219
42027235
20814930
92565041
66507388
64560772
71522244
77603422
14714973
46145078
47770652
74787358
29371190
94936995
623178
83516661
12822690
48060488
42990518
55105657
1654769
24427509
12135352
33237463
6625961
84916304
3066144
18394444
55517184
79894098
4779952
40301484
27833699
4326601
54485149
69541855
92225011
39478228
37287954
89866079
9663234
45567595
8727724
46829500
39306650
3267796
20554495
14868504
83994615
670511
54257167
19381675
43099912
17332203
20120792
93409599
176370
74321486
32907463
42065333
44549773
18229233
27168575
93621119
27212517
18532417
5976085
63935524
50727098
83232768
98485780
70787264
46211840
35122882
3730810
14393473
5462624
95868529
63719032
91248682
91317
25489097
1961142
90635923
60800144
1305564
65175501
50749480
38607285
30635151
82710732
54809446
26634395
45895963
55304883
24402785
41866224
59454349
20533755
36492352
89385746
53300295
20144652
37816255
65093783
28760445
64944325
51271085
35642055
16969656
55576568
37988204
62309405
18253143
73665002
45542003
23054793
54816265
1997528
64728015
31128112
36283219
52887405
46345885
4210283
49179152
4285005
26388370
15209668
43723757
6779022
85009780
18718524
44109545
77857081
92511134
17703944
24964571
82481613
36948864
74502415
95205355
27216060
90948892
29925485
37746711
72593132
76566410
82534132
40703920
881207
57928821
23704485
31804379
2092780
69539228
37927739
98996753
31190604
56366930
53704865
72342943
83666958
70201343
12322935
86878246
57811931
99706524
70967953
85070108
88507090
18894907
29977720
69707850
4064517
75428988
4168935
79673932
12467963
65415449
81279311
84888083
69008172
37371995
25513044
99559014
4643976
87883171
30291533
81633629
72343280
81789410
48184776
35717861
12334779
16089889
80651011
2227775
35700018
39866106
76247924
7528577
73232405
29013788
20401731
21627667
69727252
6032076
23090891
2851635
96546647
52006494
24509724
23917426
24123638
78157504
82584955
80151348
24228993
1693168
47050209
94200372
11050106
33252225
57726072
61076222
85577686
83520026
71107617
21375859
76419199
51500791
74276849
80031304
68658133
88646501
79933871
16453512
70889512
29314634
9080663
29242125
12358976
18045851
1684634
9936907
47151062
87272677
4064092
56007302
56259352
721093
85577525
96821974
83665448
57013615
73194481
38823978
64434589
70059819
94144784
65009410
76885761
62525138
68867654
898739
91352402
3406678
27038972
82688488
17316482
59913016
74029517
65178651
63063798
3450896
44314378
79560736
34675722
61108488
35981622
20149146
64488587
37831521
11589259
12768900
47205436
83604460
27342963
96254377
41733458
36619410
23425552
38055212
1997560
90257358
48236981
57953282
47123148
20860717
69454442
12112243
82082656
23092693
45359468
58848924
88740026
63702523
68149162
11224816
67555540
11652203
13805130
2519218
96877340
23936260
1332002
75973500
90540789
54217529
37229887
71224252
52222261
33348753
43111009
61200178
27412645
62644776
90037885
75773555
52374660
46655020
78259770
59584361
48629508
54748257
82347124
42844369
13837515
17459870
78375612
41445051
63601267
8971085
31016662
69848845
64597259
38158062
67972410
9640705
18236820
78223765
83157396
43477666
15019908
68608872
53122372
91887443
65578055
18263842
61195998
63309128
13013177
28323218
34934186
64269835
16191405
6436125
86221862
12869112
4627817
67687480
90776703
96239297
56285480
86376174
49276444
78404076
15641750
43990624
87757075
74059344
45356887
23074112
34798514
77227931
91198081
18840661
37686263
24545743
65893662
37479931
13040664
97654976
71701163
71511712
84233469
81028248
42115483
13985351
68776640
27707219
38077141
80560905
84313652
38283331
37062449
18934671
14615643
21141645
87473407
68040345
110830
66110634
76400768
19364986
72324313
73379048
73486443
66015898
44109244
64101862
67064682
58836723
86370412
14084379
81828506
97561492
33960560
1573712
25570575
2694177
52433540
9386529
27940685
37819217
27220249
93627776
39371984
87408495
9952723
54294834
54376581
73768153
28731146
72308816
26595663
60739972
39149642
22435271
96698499
12964726
35458003
57500889
44683627
36605258
84932633
37175962
12283079
38344368
2613061
54507635
50161992
87231723
27825586
90432930
77442835
31830609
72232304
51337656
7283012
40606670
7544261
44594970
1166440
87747681
65559207
89600641
74150402
4119197
15511108
77784186
79985927
41658921
32780922
35927783
11197538
35521857
70718559
2203004
68971121
41426739
24219322
31544130
62542214
14121699
17276552
66517783
47855206
65592392
61390969
37234220
47911630
11840236
90308720
48275334
2192873
73472624
8099846
51951230
60419291
43146245
44823559
77413697
58063929
2379508
46595571
93811280
42297230
35984663
123007
60002305
42104280
86164062
17276946
61284604
98832905
97967691
32710472
22781631
94918535
31538294
73591922
87997211
79134124
49950986
30600980
32067252
68561991
83807557
48261478
8856453
89934873
34708476
59774419
1067866
76309592
55840022
50499453
62369108
50429743
50344716
35104439
71974249
63715900
46413679
15814282
35410401
5686546
64067938
75258417
28604890
79871669
85116443
77134493
29513413
81775648
61959014
37466609
78462182
74558146
82213411
9839879
94215896
51600636
46224067
51294953
60378119
16888996
26063311
55010136
88448052
84863878
59032929
5701193
62894068
50341342
27756456
38296163
56297521
92933855
48349800
4229763
42869928
32197168
92469624
50979897
77073258
52421481
70382403
57002312
27966043
5062042
69038407
58386985
31365558
76174532
34514841
25847176
35088519
51568478
47570271
7434181
50847791
10694098
560212
26453620
67838435
7723005
25307976
18882014
41885485
7325618
75980446
47112063
87506282
39392056
9111500
84620166
4145482
45736903
34790366
72126552
62971988
86939919
60292595
17731340
54139487
52494514
93355454
26845936
89346842
88706757
44318214
18321923
96415109
77189203
55390247
74949241
11484277
52396249
97165455
49680186
20775700
84885195
35501890
15665507
95072607
78455309
1184855
35791044
99762342
31983483
51541112
81321313
50309647
52457826
56225894
53523185
85840916
85093125
53309554
60786017
50446336
47488281
3377157
61172562
30142326
70603593
88324889
65597335
81588458
16427187
64669886
64784568
58456870
46039656
25823126
32344945
87563975
15658480
24170585
67759156
89876157
65859268
6396498
67537827
46146766
28482002
46655712
15750935
86627604
15390205
7987958
44758556
82469242
62628250
69962651
46601970
98941763
19078900
987755
2309134
50180483
63802057
33467668
8983702
9723044
652491
35387866
35267049
23764450
75451424
70469651
11936533
63584719
43884002
69423787
76774494
17280208
26151328
31897506
43806654
79802783
95369178
40601737
11549280
38999751
53311113
83595529
48174884
7707435
35062165
10762588
73268510
31308159
52845149
51026897
89982230
66386636
47892531
63203404
99271945
46927345
24072925
69304772
10364327
94225693
20788501
61124
18207955
19877718
67201034
27994090
13969703
25458677
66384349
92310891
52023917
57829159
27928357
15782285
50117926
77224558
41629547
19273003
34804743
23291934
73735342
49383221
52568695
30692576
45074144
71422510
62509075
94578483
12296552
13142444
89487402
97187814
93026974
47314139
64127553
46961566
89093714
8904442
13115792
94414934
59226437
46162652
72710019
18799835
58180782
53527401
99770426
38579788
3777206
17579035
22683658
61405088
58571517
23455617
52095226
94322207
91431699
11568831
47400518
9905640
6361087
31139851
70121439
72132458
89006524
18071858
97418985
28474090
66015415
64445969
70040635
73087491
36573522
69640733
43149539
59768609
52525412
68304604
60133536
12492806
70872247
59886185
93234534
22677062
23823496
31505140
11895517
12266186
70504971
19504191
91964642
78049360
30749156
89439778
52387589
8124649
5345199
34983432
64146185
57437562
82945145
47483248
45394536
84714043
29052485
93374317
43677388
34319675
30081160
47151142
52386710
3923163
55427245
10996311
34674011
16155726
49106577
42258126
61194594
76107552
55270152
46785007
71172648
68357291
25506903
69814064
57134300
4858531
96609975
57519773
99711203
90052492
40392665
21444438
67907669
63259711
25730652
63523340
91417470
6436968
99337817
14057096
86883678
33525003
59227352
72500260
50815017
66485242
3374167
40102735
70842568
88255072
29267018
29305869
70592087
66035514
93760406
38438261
84515492
51366361
33226261
82071858
50112438
93050210
23238677
86677763
24455748
31962189
57202137
84426042
19089977
3544809
31963415
3576128
63578423
85032406
68494200
88039952
56197905
61291402
39917851
20154552
74933328
40390093
65471762
18590427
91386799
66689852
23137763
24535090
55346846
73600458
22244616
94336006
98301122
48954938
5734767
32935095
91350900
24688295
38694139
49791544
17560638
15918077
10124034
65858193
40439393
74001277
85176781
33013595
28377426
98992956
27789339
40510792
65706296
61114020
73715103
50533273
45448048
2944498
16765053
20439973
69782281
8142262
81541328
64477785
16468296
71981655
99118119
86790066
34243365
91032204
48415491
16441669
19615180
44624612
79229531
35522488
17322269
36780351
95398424
24772166
8053804
67314002
46440089
69996095
77255362
68399143
649521
50367109
81357786
96728986
14721188
81732112
22346533
33394910
18166957
51968107
13921671
70814454
77542011
37961781
76863383
64860732
27851568
78151073
68635683
80037598
74027872
10268150
78453674
88958300
1075352
64906512
46589152
38349579
12470996
66740445
54237997
64588693
82331144
6535649
37232686
6827382
67714200
74488754
92033587
59648896
2546912
79390589
36594111
12250201
52243629
86863999
58603019
69444344
28854722
65450636
18567811
75708459
13637972
77132428
97463880
40527380
88396429
44509433
11007404
26114727
31624461
52052067
4522682
41429550
39285348
91788012
88043947
29009349
89499290
27998156
94528113
39147486
62989992
6281677
93662256
52489406
71281916
23150288
55741632
38780927
19135737
98274887
65342765
95686668
6549620
60072633
84804919
33334440
59245112
91528258
52539602
28929895
46661251
84093712
20283303
53682994
7535494
47018726
19293585
95866312
83268073
60853916
35115041
60890168
22339653
28999582
31157275
58263400
45664680
47168873
81445878
96009873
50743573
80994833
36680800
41072832
24365313
93609661
87881656
51146326
26068440
96990249
38275218
82068361
63422069
5399076
61839158
40645090
7508653
18784272
5952801
29262269
89164997
76086116
55835522
24636620
9002999
80757037
31964863
59547284
76065522
74962568
11962350
27612654
91257943
33545002
28480348
2207367
23091260
1766361
43371529
88359009
64491693
15068144
93252650
62592335
72085798
26614495
73946022
83368061
1584666
47913640
59814554
14337766
31476079
92353891
9261525
93128156
19532543
10428603
20923484
1879684
47266841
6814063
86683111
4376151
19018750
86521810
20978017
32641698
588132
45289036
24970348
2448390
60769271
84338390
84430300
79484153
4784083
16531842
11890487
47307843
10190603
80963312
82075452
94280578
76603941
12589018
37532504
18575271
8528028
51259785
28435250
62653815
33684061
6217054
81821985
86425354
22765642
59892554
57555888
96490831
39153082
48200534
90613793
35261319
16686326
32682780
89428455
57387973
4146622
33346635
72879146
34807668
43124418
32635176
58368583
54132945
1449257
55516168
45802317
37559405
46349326
25866966
52982146
61150125
46292222
26036115
84385756
97063497
33387643
57995473
92192392
94724304
10323068
44956215
13899366
96822818
44755435
77452289
22689163
84027893
23628838
72043389
12296894
90163537
47071358
1870990
63501307
89631764
19799995
50292524
76112116
2225519
40145301
41237475
77482634
27343718
33248572
29732176
96780888
96382804
65948114
765095
20818729
44071780
70104300
59611696
31570045
55303450
94376469
46594244
88058120
57691592
5860427
64526677
1026611
15620377
58120319
50823524
9397657
59593866
8655129
89384585
81132171
49155051
81468530
72471278
48000653
80482275
31884632
43878868
32239574
7752041
25045134
45023244
97413331
71728204
16422985
79171455
91030693
41888172
30447284
78586792
73784735
66201470
82940269
58428436
20645833
76666892
49247494
31016425
70930528
59723379
81737093
75691356
29194580
30525731
29984228
26588473
99938248
50508131
90259345
5744479
66942869
65005258
99418351
32028225
65325511
15583175
5252564
1334630
28958750
77198361
2367753
53893610
9972879
7910744
45047245
59296763
42168513
28129899
77734482
78409821
59958416
48837135
42270270
27970279
72904078
9144407
3470379
26172675
79293820
4250918
19511592
94418993
40348373
65187510
93698614
71085445
57308228
29188117
34420939
60720421
40242729
18709922
22617682
11091148
84839192
44252565
98120362
14763593
73397594
88047220
16557475
18170881
51419754
22672031
4108164
1669481
80592761
10963397
82784903
30760332
69018602
71521900
20216667
73396107
76186327
21005677
49207457
3387672
64259978
2916214
59934320
7413242
14076421
34658950
40498641
30577549
75905659
73612917
84822084
4151615
6506964
32438377
1772601
38776083
83300141
40012130
44085911
36640802
31221845
25014959
12062265
36644117
67594577
97990774
50898796
42925740
66365145
76922928
17993842
85822266
18966490
37769770
79718914
76097831
45413874
82423046
21072326
50896493
50228982
9908536
10960347
1318171
1881455
53017481
53872469
13007317
51894553
96528792
2315192
14656082
40541539
24767828
24676736
3360477
31747570
87243395
38456986
92825300
34680605
45613374
67670248
38290988
12227954
50412914
75940801
16891371
97157936
56430944
13607535
99995308
85396683
25365534
66746800
11876895
77953132
30935061
82556725
81660807
47737710
51104385
3213094
75599930
13738466
99287028
38439068
27300388
33668619
32334803
15222821
49733956
20459235
24122071
76478276
65164845
3055508
15557005
94009838
38154886
90455296
14158550
30682382
95159435
69559865
7609704
84313090
30877834
42557706
5356108
87158043
91358567
93218924
25668446
39309345
1276953
92919314
717519
34239949
94160170
82632670
89465510
34287950
3239739
73754985
46315835
59579588
86345597
82413183
49898939
42415816
90038329
35790752
50001831
47758306
64336201
6629761
81317973
6354449
42774685
40352649
31172973
24925255
56736951
52713044
26586989
61377514
57731631
30623283
65640742
82373716
74039856
24605354
25432381
27951187
27563769
60218097
35530667
21539498
32462428
56697460
80633661
40277647
33386307
33019986
95178516
3704363
46102054
37339362
81698085
86195229
16326550
52981033
73776059
95059959
76770486
22351205
1982192
83140031
74284988
95248006
46234424
63763824
52701300
68697775
96370391
23046006
64843198
29869754
51858789
77355830
23482635
95614129
71974481
48601475
65897956
66369622
44084571
47822122
20789603
12952476
33328665
92788839
9663415
51325739
88057715
81167469
13579172
66475487
84511015
81530338
69530625
65721930
79080005
48671841
26568249
61039406
95334580
4518647
89233610
22036484
92345259
5368486
63711689
26817912
51149113
60215269
74676060
9437162
80454078
92558621
27040830
74267631
23966576
79525166
17802559
17062606
39506647
56158440
92526786
60057091
69812048
96627347
46498621
57795263
16355214
91828583
55046076
36966758
52234516
46522388
90421342
60579599
43406013
46964540
73149654
72563720
82305332
36157940
31063275
46514768
46166652
39797318
45253881
25097755
51997802
41550258
25230446
21074514
9142310
3638184
1958734
14856208
42960301
5331728
23782576
2945573
20801362
63430083
34492990
16318359
60158008
60327183
95045561
37341980
2053337
6643767
82327410
60506274
45154435
69257456
22195154
51134407
51247318
75759845
87747027
53659489
78855495
5995827
74480773
44971767
10002592
96517358
40882314
53360454
73467261
47755163
4445338
64373949
92210897
70723508
24478208
8205313
48981855
93926439
66534427
76119402
28477761
73309655
84986846
60318596
51426149
94294553
72029008
60104591
37477386
2264120
61176589
90089472
2892871
68040690
76167107
33444606
23172485
44626681
71450294
39846373
20149761
48314739
7047740
99914438
45874251
31486842
21294401
84916965
38052041
58393500
57785285
16238393
19724340
51461980
37917017
52204528
80831770
56613552
15052966
94506473
88722010
5597313
77860838
22538808
38124971
81074734
72855912
94295974
14042390
94684169
45219088
22994222
4871799
73282008
34685397
98928000
55129088
52868949
84478018
29371778
30954422
54336431
32226293
34043850
62110706
82455047
8634403
79578917
97486306
64704244
1580818
91083028
73020677
61351935
18197917
28627785
56679602
87760423
48935348
72281647
37537426
82745950
98050522
40920671
34032161
25881354
5886373
66699564
35429681
78905990
36612673
13859096
47034983
92926879
16529389
68862300
26489276
44563223
80251772
48969316
28715773
37718309
39809750
97140816
47914828
8200434
46989685
75347572
72506269
67680285
25713640
75204569
32822585
29271865
55242835
42273210
82076734
67384394
49971693
45303048
60080925
90488652
37234816
47555559
16203291
95867308
47831788
44489519
99210449
52948172
20121765
3692267
38602412
10370947
6246193
23262941
34025837
21833627
18441643
87802104
31441834
89853265
82579011
47787749
7273803
44059865
78916027
38877567
55338766
949975
33051371
13601366
44471556
57976807
56346174
50168624
57772562
554774
5289011
26608515
77352049
12076902
58873565
24017148
54439470
28039247
9251171
42981372
36280490
14633016
44872065
59175189
47468571
33796354
67065093
71608721
73830665
26311550
94335571
5672172
49456850
66689777
36897249
87377493
14521127
62261143
79839675
83456817
49168780
55080989
26103809
65174936
47297244
63369254
42765412
27100630
66567363
99212999
72650925
66846443
75398466
36031243
32904502
14570764
45263407
16012144
37400174
91357728
13610930
33374056
89912409
54449987
23313353
41504473
1361166
98108998
6778308
73603229
3975224
40836652
35897802
23035650
63107990
25839023
79832915
32517707
49779066
71921082
2344875
43011117
83613774
42164716
82597494
24733524
21115402
20947227
60001318
42341340
88568767
41095887
65779590
64383447
38395663
60182211
25128755
39214797
8214963
35353447
47162653
46668344
14547444
57808481
21643787
26252292
53537074
32396551
35084052
13523989
99947360
23086054
52079655
94181569
39773318
79420991
78466180
30074193
63743037
29699460
16260929
55511940
26217271
39288031
11487174
3010572
54487221
34694572
34912592
36754191
97343246
77940986
24771954
51750824
55332655
6628878
25719951
75837028
76513813
24239584
62612066
84564165
50124885
39606684
16839542
98101441
1974165
52278306
20513198
17016644
25490960
81527687
75606462
35106474
24137494
93802641
16189616
95875142
37128841
52859967
27209057
47943391
50517857
20494654
65492993
69839661
38449193
43958133
78003094
46041440
43015552
51356539
70058362
34541721
93955225
12414235
86932184
36969583
67915451
71155927
50650931
8735340
34339266
53986658
62583775
50012813
61783196
49329956
8455558
79066054
74829773
26569658
8253093
75875707
7557867
15717492
5939980
44839944
33898787
68343765
71581025
48069946
32099506
5655830
6951581
67923667
62067564
47937956
89683598
82486794
24667193
83491485
52613460
70160905
7573395
87874903
12400612
27395438
60364298
13640153
79999111
99301322
40208064
4471135
73748828
34470181
50267885
79294171
24548818
10257016
27541596
62638703
36363311
56174129
81033963
84609523
33449484
52420786
48171023
15818101
15466967
43077331
69895758
99704244
20731215
24369500
20624324
60681637
2250251
62433163
4367263
5296366
59421684
66411668
48031138
24582766
8804038
594716
44757925
16509618
31544467
57676221
89346580
72939649
65404992
81525637
42650732
53966162
20306182
13758327
82763713
70065872
65284594
37892872
64412986
93424477
86287462
10131875
90777491
86947212
41082262
8515878
62583963
58228645
38470155
26984035
97273524
61974053
9122852
14328224
46607189
69372220
5493904
94148119
31399307
34583117
88550101
72117879
80377971
89906801
53970380
19581537
85944002
80354292
29575202
75390443
58467134
75104215
69870808
29298720
46012994
44259148
79667908
34531454
93078846
17291069
45680398
90980215
50120756
28306886
7296692
26345969
21794620
16777654
56589319
16290759
97541633
67407634
25210156
65347909
20920386
5598098
57679772
48099248
14468178
26887202
61791908
27205307
60353689
18472034
2797285
41800723
51099920
73350438
53378773
20095188
91000265
64028407
72832061
31278097
31805540
72392592
25222329
76661328
99706779
832610
63332154
52478476
73535415
6848016
5196423
9241905
27640601
51028468
65366712
14505892
9496242
53013912
99857082
1892793
93964427
81398078
5622734
75812282
60178238
78066777
12953354
81709670
88220026
69323537
22202838
31482992
4447876
32249539
21782128
42306044
98937265
74174591
62238313
73005606
55738860
72611720
21629477
15004283
53435958
65655511
74076255
23301245
54206497
65294744
97256611
18473507
46402132
63770796
83372242
91264087
11857163
46559269
93730466
25150070
32238996
88561357
38055963
90763732
19604178
56525216
92647450
37002549
22516157
31328333
5518290
85086549
29815521
166329
4418887
56788321
35541979
51918460
70126033
15839612
16017119
54562657
18138271
85502779
15365941
2333162
56634417
16297769
12793015
82771915
20255965
93144387
28769108
18948458
96443723
66434685
86943632
57110885
70376952
63942460
88971522
98771468
29753527
32724698
65996500
35477475
46554155
45896741
26823239
96791329
76884815
44137184
78008108
79861556
89795310
74583104
61700460
91940922
82983467
37036656
75304066
1081225
53930235
65307918
99085819
15771433
15371174
31472044
84215293
35137620
3191113
10721104
27657149
71028733
87088983
70585332
49945351
87787334
78043155
56548358
90707898
76487944
28219416
49581033
81372233
32024399
2568145
94204274
83039291
95595228
30458881
55495277
53530284
79173025
19528508
84368662
75060938
76269640
97116012
21899167
47280985
76172973
97455950
80464560
4683056
74512223
14106098
95188195
51794873
3028771
18100798
73558340
53802356
30367600
21207660
10478295
9222261
43804148
83750023
37227026
66485218
60668174
56634866
57796958
12306294
57682002
78418401
56134554
78002688
55795209
59716062
58241433
1471717
55220910
75068229
13284511
75562906
77488498
63015369
87489511
57241386
90509497
96669421
71309344
79567542
34807962
15876235
68117739
55267312
6132066
97488720
64690271
35995551
71320850
82067262
19566981
32063007
40519389
55276841
97009885
39848414
99005611
31739963
76522199
8874719
10234265
68586608
59823450
32632123
58951542
22816282
91492673
62774171
96096840
80545886
87132889
20933567
76586437
61917621
27097444
50071034
77953754
71011949
21872793
26123956
53798183
11781157
53252386
51311335
89610881
11504212
86708252
81873570
39994735
78643651
23426714
94788233
89991597
26264334
60127523
5211731
87167916
40719399
88153904
27765835
29000208
25930707
69153455
15037647
84564273
93100331
76288130
61117140
50167706
20983836
91104512
34536800
39712141
66397928
60736627
97998606
61351294
19261091
94051993
35982734
23518355
55286710
82527523
21397795
6285866
80660064
64904761
59378979
88582483
84564271
21509364
48640122
35316305
25813387
28378850
14744359
19260702
6534956
20156806
97678269
29235940
22148511
17729749
74562275
28951173
3459014
54532282
63217621
17666324
18755157
98754707
23451361
4797529
27125077
53058993
13903339
34022737
1186980
40525020
76905706
31429035
1463155
24933325
84867944
24156236
36427207
39158962
9838342
9569740
88604665
90542
1045493
32380663
64944694
10271063
17674110
58291022
17229311
83940918
1075579
88659843
82146986
17187914
49925852
81104384
48952799
18560901
60748579
85093472
99276572
37532493
23901928
94701557
80579378
90011132
32774742
67842112
24503493
86407264
74344108
42334332
10063568
94363708
1749692
18514708
2825503
40232646
50909552
22554664
12799443
61442343
76439872
88839436
70869730
55257854
63005373
34081992
86324116
25718493
34682634
8080025
44243719
69813450
29688669
20441199
74025132
50117056
78155139
49194094
19984583
70633515
24271705
20092013
83618547
18137967
46016339
52278393
99938716
63719010
45709561
11034195
37016195
88920013
90966885
95694318
9502013
81852400
68303558
8289522
94033077
10653435
50374624
67357244
68745381
66817685
86568586
87510875
18349089
23061849
17367343
40567060
42183692
76751188
59936589
29652959
53700001
75880328
64441849
92682856
83544812
4849004
15435097
18519824
21130062
78820969
61942056
23830377
85833468
24136031
13419574
85435581
37568384
20018206
6831846
11670919
21002039
89784045
23829934
38017272
39569105
42285319
83656858
51072116
21010389
78979097
97414345
73620243
33080346
9043397
98186222
30626592
44082511
93337890
57752529
81787293
59471476
6770490
17279947
50769597
71959134
77287563
30159694
62661225
45465911
63643526
39916122
26424764
33506812
68195091
60131849
50888839
52942845
25532683
99607300
547789
49454176
14779836
10696716
65127752
18706335
43286888
56653170
72604386
82521349
722631
7182751
48143164
83356469
58990208
21815181
43503147
55603108
94598580
87381324
69060406
35730713
88280180
27442046
12979226
2029364
89613382
98438875
68101190
5615332
53760164
24689582
24363359
57522927
5921404
89470038
80389309
44543087
72546993
7228102
61965549
89234511
61882264
87748613
54395949
13373650
37330812
29720495
53360370
61376780
18895387
69472626
1806949
84480615
29918759
5336978
83061729
85353759
30906822
31119205
94906487
39200710
97229330
81618391
42324587
38238913
89768089
86762728
58862517
33828298
75098078
6798377
31463040
91515244
69644758
86487363
47884974
80773514
54304877
79539568
21041490
50713304
55854847
71450879
68802101
35880543
9051871
98768084
85352530
79184126
58445267
13719270
20829529
27102180
36863637
77282752
16058928
47737111
40637012
39613696
24277613
72945136
39810865
96556763
45769950
79769500
84983490
1032599
39095041
6144669
85439379
51703312
24199564
22064199
48336032
51577139
88412390
92306499
35444700
69986438
57968300
42370064
22871213
38607262
51024173
58417533
42924654
60557223
39113966
52847152
43376107
74727648
42284839
32713250
71185129
85808668
63831876
54934048
26984603
92327235
1590885
94544971
17021486
11046351
77276638
63088025
49663294
78512207
42280888
45472595
82106207
44191975
49523759
96873877
38038165
8813262
53789746
85324497
96401372
64720078
73149925
35962187
72269728
8049096
89130786
99515806
36833350
42103341
76580084
33771318
4203426
57939334
19697434
66563029
77127294
59159533
57860234
72170767
28691738
36742546
27614188
50205645
58834342
83537463
98168347
75221453
7104970
16639924
55603879
18080800
15039007
86162292
11681622
11362731
64780467
39926262
51756702
70430630
62579080
95873357
16701996
17185312
61951509
85004448
66946657
79740282
25785796
13393835
32908752
10811111
65069427
94994492
25989825
45703411
38605299
13353911
78774960
73182457
43826828
17633682
50925775
8929706
32244599
10547417
16402048
14056589
68868962
33820076
32634588
79259002
16002032
67217084
1387055
69323806
8816950
71221714
53888889
28341626
91007551
1729352
53784302
29813091
1557129
11529101
55774327
13116420
4958854
95728549
50685743
49475415
98977308
4228263
92524007
46936240
92087077
60524606
7084195
58225971
95706863
16369705
71156506
75627864
49151165
60407226
37064506
70029166
90045764
3595611
27797922
43748629
59112495
88869636
34961702
38191811
17639068
7523526
51159886
91609664
4613021
55992387
41322711
26160937
65053368
5613620
96116017
31729009
49198951
16855778
92839167
71387
93353113
77294253
91118234
19662210
29606191
21669256
67214735
30834514
14226048
53632635
51740444
20226188
79369429
2827551
80286647
13042245
56108781
14947878
30545799
36042727
47332986
56199889
36318952
35797679
40246690
14190711
93179372
52405805
132736
54608133
46021845
58938824
99106464
16876408
58170012
82116151
35707014
55308645
71976044
31614985
26702120
82144626
20539432
15348510
16840048
60855770
30492129
63379499
22806971
28852205
28025953
38162490
32385884
21682061
36740003
282407
17087001
32956850
99464280
8660773
99586477
33350887
49517923
64705079
87382341
51126219
22267486
49438391
82484227
81325457
68537876
36387283
35931006
65539712
70937860
23413259
20858688
38385268
36874724
40007604
34137926
7333723
62065180
26472056
17086083
14591673
1993543
25981139
20024158
6829348
20190133
89526167
91563568
96860361
49325804
84134250
16704967
54199269
96610082
44866627
74568677
3992396
15878596
46252016
87322561
85887974
76566002
1994643
30065029
52767021
40232961
4458016
96007886
71766193
66724600
92751073
602416
60194196
59501588
87306994
89137072
12514574
44881732
94696133
9471047
57123818
80847533
99717792
13940582
42007302
83669799
76042266
26990956
43309527
4929470
77840545
63075633
19695843
47875890
19164919
67699071
58075462
18056055
81309360
24821140
27730478
34210870
65600949
66507426
20576862
94798922
64367813
27617359
94897070
4951108
39493871
71119669
84372362
90179815
51961625
63904354
41156719
22937005
18784892
18025433
56131441
42119744
32155173
61149199
1451447
6014210
58723702
98625903
66727165
11142534
5802146
26418391
96567570
98585109
10477621
61519129
21103448
56565801
5351306
49220219
30748742
90021365
97355347
83691063
64236777
86433755
23291669
40978939
88915806
11752692
80735913
89124714
9876314
70864269
99536316
37418394
28886691
13916580
88710480
72245396
85345684
70821743
2547769
43527639
36407453
30861269
82207904
21660885
23861184
9209842
69107075
30911860
64986902
31406231
57345587
91188623
66849863
89415112
80504789
56204914
38050837
68480061
85198562
18497633
61365971
71399650
7309991
89842194
89038822
92762455
66666693
27295534
26216522
64084848
59237554
55764181
42332944
60067766
72538678
93683479
27857368
1312996
25048303
60254843
543324
44954219
45351374
74535803
4231653
60784111
79768728
57641222
52121044
90427335
92265061
47498493
4407834
87107969
45816612
74328503
79672512
79229275
86988310
13110654
69803360
42195659
48064846
5823247
46183081
9669369
83747640
87384862
47793888
18508351
58282766
66633423
56109914
9593776
24212324
4092478
20191234
94022798
87847582
82750455
57667289
17117650
25238644
54434431
69434481
50742185
16156789
62643658
87792241
20689137
80925825
42170563
80908053
45952703
82913614
99545543
69298859
35018204
33839844
49483050
82678038
61959748
38256417
63901104
34651214
93624230
46138934
34392853
26814175
24565991
60974631
53235078
18216038
51023007
44309839
80692518
76511511
53200794
8605402
36855434
84838970
53885016
95293257
16325949
87412393
52976269
62235377
27077180
43584851
80804514
51449468
89775995
94629820
43460146
50044263
28991327
28568187
49748622
47647106
35829570
67844026
24735801
92139380
32750322
86566330
5277293
20199988
78256178
56235341
913044
50488465
68697399
57915481
99930832
8890283
48089388
54151004
3868276
47430519
20582575
90250979
54831240
1966911
81207121
8914705
11722569
89317664
49368346
93341726
19909798
54721930
15551491
55399125
51126980
37542340
69355131
26179093
56225404
39357797
14770659
75958609
37359320
32179164
66659345
30946320
69311385
68563689
86762448
61522030
50089140
36885025
96498782
67623833
28046799
40284526
7381741
61460053
4765385
88668044
54613027
95147385
83134512
56362894
17562011
85739375
2319817
37656663
74188385
63726264
90611980
25086497
68477561
18892389
42677925
54679802
76020057
38517919
61882356
31822145
71083114
48167456
32306317
44581166
60699275
44364215
82127032
31825479
41210510
30014921
97592562
70057708
32189625
89433291
81463915
52329676
96559175
92175816
61200007
1264749
21534437
62603233
11105629
11187368
54571317
52389320
12865595
34654507
5367630
4489284
61903135
40512502
50451257
41903537
54365503
16421342
55813749
52376701
35405698
5223948
92491381
24248491
75771653
66045311
85256989
42374996
20019096
31621766
49095497
97259297
89662
42581575
96241221
49481938
57000112
21061947
51227990
33336763
75544282
46880175
73788208
89803329
42971228
52176197
89830269
60081249
30741515
92580465
35264861
65518633
48300398
78452220
7975136
21877053
40466497
98625925
27701390
9453396
14615797
20224251
29803487
34300857
75550766
70324004
72625859
14048714
78382148
14769689
26125596
55411068
485315
34180807
16029759
18351829
89313259
13692783
12263543
4422512
12796464
18895399
67973249
63145469
12985018
53787992
23750673
32635327
77179111
26550846
36390732
83069452
44215236
54620267
8977483
52076752
12487320
25030724
88118175
56651786
88287321
89388418
5054919
75499597
67794229
45107890
51211196
50913856
784906
30021813
56554598
65921823
67488750
9381185
59746851
66598200
37229736
49269087
60212295
7948655
60978997
45622507
51403927
92478651
77051204
13311254
93799117
57672614
67461307
62836711
90646039
93235665
89351472
5043126
81821080
34762349
20951408
48841904
14047717
85254083
61612795
95493718
71972234
46235565
72405893
62456574
862850
60199451
92081271
67205968
27190722
10068111
29818989
14559434
23416239
30049185
39601334
6554941
75788195
99864700
12794839
3055182
91479405
97988703
68384775
85069814
8505806
42537501
66386100
93836034
23691005
82118813
19201789
67715475
23545379
88940122
42022710
65747358
23387359
86581220
59117160
73021806
97662147
64160862
32444878
2873118
92473813
98778366
52681304
12852767
14609935
11996817
31406380
49337528
64837088
60531700
27957536
63269760
26463401
40050587
47578690
96721638
14856257
65498126
36487504
67210154
34415729
69532007
53959488
91414114
17532024
30098901
9220281
74190838
7682697
32412444
80616856
95638564
35542856
43550739
16379500
68753404
1882448
16554277
21843451
94738789
95567024
33794768
7461819
89269911
13935466
10381609
44667481
84824734
32953330
96171094
8391221
99068381
69513909
5198354
22625507
27180937
41621135
85802541
24000940
83521578
51421268
40121098
75564300
14752541
92669512
41105439
25318962
110869
70881703
20622712
40700802
95492245
84277278
81206068
30595094
96937080
86083663
20981510
1067321
48485737
60181073
98127798
97815787
57555051
51916078
97661085
78190176
97659219
85833572
11887661
21923968
82197321
91257700
49374054
76629352
40355658
14496278
36392546
32137192
96088489
39516754
99302090
60267779
44554633
15815785
3113823
63073139
83316324
47407770
2479475
23272994
62448776
68207517
5889132
52198834
52760725
20425756
64303943
8837365
38089472
29850165
3371539
63341430
9415827
47553530
59276914
84943086
46893802
41134832
32376604
78875344
56282104
14903699
59579740
16044734
71835520
64532433
89269905
54884369
34758044
39327626
1002670
28506709
69668922
39231511
43445178
55766986
274073
76860864
6652241
18347236
99308497
42526020
65867809
40394444
46229320
30205012
84400494
38622174
66892862
49485848
21393038
70720041
43564098
67336873
24006509
1480945
44197306
67693206
66247947
19162672
22081887
13793888
20922105
23132177
44824767
18662909
97833184
8343155
10087353
7410264
89638906
21325677
42814980
3541967
73201046
87209668
31901097
38380980
97559448
60055926
96089732
53337294
32730103
23519795
36403143
51514325
78442558
51978462
70291319
73455352
23799819
58478352
57961966
38451802
55979667
50597014
4645975
41184145
40494108
94186734
50305588
61473830
93629314
69036494
66929371
55560473
31050418
22251933
47516149
29395802
87131954
13619192
93301246
29655376
85046935
42362926
44958664
11406677
66664205
39826628
64398072
66634040
62240979
85899762
13119623
65317562
62931645
91072292
50102082
25979666
58530736
86862458
52212043
30273130
57167145
54696265
33183126
78196831
34367670
79549592
32305004
2516612
78416251
21668515
54264299
44711648
81308079
43097947
95314052
80486507
74400540
48009444
8943484
47771797
45065123
77706261
47745388
35811008
9294517
88103932
97791681
7764673
49576667
96920664
36428092
10626146
34490671
3408925
92413043
14080739
67704801
77633011
67319886
41184884
33466803
96062391
37730188
22988733
13914493
4653305
2759739
76499030
24333482
48685180
96982595
1814863
51395001
47097273
11400668
28140970
78181053
48022877
22524435
5625308
734685
71700678
60429641
67561808
90303445
82165642
53601460
69183972
99755379
24239600
91791324
92184169
51421979
64255605
39468575
4500007
38379843
95295560
66924334
80433239
75868407
24870606
58392205
29272999
92142423
70286623
11661335
9985466
63234836
14309511
40964472
28116901
9703927
21720070
92321713
24156275
78909274
42262992
93810584
33619874
88682156
64125134
60546133
91603363
46852593
85524763
18296294
92404318
47072320
67727752
24389276
88743340
99236420
48822297
60001947
14994140
46495676
60408198
71863390
7036975
68794107
40876730
54048561
46809179
37296232
46736215
89645749
71631115
38753534
50724912
22088287
39520093
29567949
5190861
65363961
59836771
92540535
61099243
69819168
587939
42989237
90216442
53623237
56192919
53810128
3393181
84237740
33262638
51591976
20032302
52164592
13297225
88633520
23721271
78506364
43999294
81177968
4848633
73023123
33128025
50299905
32622569
89271370
29579862
80542741
18221358
34780681
59231464
76929517
2772005
79276045
79660597
44756960
15464669
91109353
26719831
88562395
60938139
97863680
95282909
60295899
36001879
2093581
54393160
5734773
16723261
89016475
64998799
28451919
69622061
47446157
21028507
78350244
54947131
56858519
57090764
36623812
32441648
34252227
10247282
25252241
32997895
89723630
69701204
55405571
11738993
89123656
7505709
10382245
4277330
57113048
75306538
9842966
10854465
2968053
98035565
13872521
89588492
2243021
44555661
76849989
77799474
33470690
11088915
50851878
95253351
49461128
91104511
56006682
71250963
18670953
22649409
99628709
42311635
12560642
73901377
19819613
31742454
84149283
42685015
68177007
32023810
28684402
58214227
79388696
57756717
30673128
22466039
17417773
96229860
45479251
1854328
13343891
76687432
62445523
68141569
32573895
68048811
2221405
11203631
33741400
63710487
79685434
43188630
25389928
53168072
17233033
79823674
14672687
17516205
2171321
13082903
68901240
837867
68843792
44548506
79844897
52922458
19075623
42813478
9981343
6385926
82807404
19060880
9407352
76869039
54926494
15393699
77721800
50921033
39849044
60017821
27925181
33317757
19704439
7888304
38397722
77360166
62524867
90626945
58754999
74214101
32254794
15251884
87753216
9201486
44289777
19190079
90301554
9551112
65155057
63610426
74741537
26518705
67844440
20326934
52175925
25683623
42196869
65226811
77322855
10828416
50035375
17195144
7382665
9133956
56667487
63531983
90175740
89859118
70463985
20099158
81158199
17684654
286487
77664599
5429319
13807722
37513814
82681472
47994185
3823736
55425671
99953012
5309170
73719333
38348887
35400521
39217672
33517681
18587079
19589896
33066214
72842129
31133613
25430832
56567548
62107500
92885041
19884851
42843980
28716062
73510738
45206519
74381551
53048953
69138782
70517078
70771342
13138559
15279997
93645215
5820136
75230696
86834215
30115603
79829843
28289954
21679529
35884137
57733683
357964
15380389
90929994
9753733
4018875
44642446
90565589
70431575
26299509
46394928
23632157
21700684
42644024
67467558
79769766
67582237
96122740
38440289
1056491
43282963
63919821
33788840
52689371
27174799
73760410
19538451
21776215
70754434
59805289
34434959
56558518
5324789
84074617
79423581
28548674
87783554
81847870
15140499
29036472
80944857
20240352
19442073
84604619
62673212
43403196
37376685
26914978
53226755
52092641
97256032
13286229
93096984
90924436
59771670
97112692
38730108
38772174
50583434
26852737
82453953
48567481
3875656
90218865
42868366
84654390
15774513
97507630
32055839
20869466
4126459
20491544
9415618
25442028
30064302
49487487
17219674
5964776
52716840
26753835
60505056
62967039
97796505
61904341
5942493
24488981
23236360
22490539
3946993
20287170
40126924
86863311
8571983
37893074
67891220
97936857
94288959
12483781
44989024
20784720
70386843
98638415
9953542
33818677
61424722
12820185
80604846
54369657
47558376
42187262
72272085
3703425
8109044
81481743
50352206
69655977
4403104
63193743
43430588
92445375
49333549
83988408
37697562
79918467
5963117
34342388
80033075
98798638
94074694
88742245
98317610
37249000
67643958
55920478
20378612
48665935
10829514
64050663
62745049
45969143
78889253
26910781
18004726
97809893
98937727
49612367
33391806
64948243
95498915
89957187
76489332
81327088
64739952
53638895
50969523
47503580
42111065
55039328
4350694
1294000
92539366
50107222
70189008
22427444
77967152
70270406
59980293
81503143
37018216
50049111
31344495
34083899
47106897
71993829
22473419
12232086
25490370
72611073
83463977
91882834
28137253
77068655
62984047
47659902
76707067
94790567
3147735
67794715
30293
6445909
94493804
24541856
24203868
70208985
91820945
88865398
66158282
82421191
90257274
38072700
61233518
52393064
51859121
65399172
30058669
52407607
7640466
60790740
16989692
92486245
52713680
10059431
35465318
7413845
85373422
18310057
22470412
57595681
54422726
56019071
20979104
5686035
14446341
29515580
12992745
59532333
10027437
12057069
60164675
43734945
9562770
61200910
67961884
42030938
52890334
49778450
37348215
79945074
6130061
20419296
92029293
61875385
77755121
84837968
40165031
53314868
10388783
51932850
81087205
81347995
28097729
16643656
14361211
85545434
65341682
35399622
93492430
39191186
29899108
4515033
77304539
21137301
79362701
56662942
25962416
74282093
52410422
60132390
94241009
29544662
39838971
31196664
79897429
49110591
84475086
75818127
75449127
23850060
94230644
48972504
89858501
16134231
84330502
91022774
21238308
63115243
90003826
50651006
15885642
45961288
72024567
41930107
92976082
39764962
24268460
14703210
67139692
46385890
26471673
80033535
15373403
86741155
41325853
43798110
46704117
6894902
61938599
876195
63933990
65116126
3728636
20698971
1616109
1248148
20166103
31238153
98563293
44988549
36951492
94355874
40984221
53374607
67621541
36683793
50722921
92834504
5745966
67387828
39027343
13628920
19370088
82425309
73527283
52796697
32618545
72011602
48028556
3494878
36163514
40804557
65156068
86256937
94952200
15007356
53497244
13034643
95663988
4836738
66237925
48125416
49106987
27553140
66552840
71981480
11118766
64434141
26008799
5417096
74730323
57412027
47304538
46992367
33350594
77138432
57113595
13180537
72435577
45254162
49849690
17838967
69825609
65995851
75375266
33270893
61054678
69393018
98432018
64627603
7967515
63933024
28600445
79184468
27472612
43070771
53272266
22863058
59926610
63853599
9860980
44503904
40138331
11907520
13213963
54311943
60225607
10890921
65139634
69154818
30321204
24895712
7812255
65710146
88975507
57307999
54193567
89141994
58171048
5591189
99881359
32306388
43394318
49783011
79359971
81449482
36163377
75689504
25198115
69053262
82248402
58083861
82710377
61424274
52806791
52278529
68725732
80310657
2240056
19738902
85950808
32512500
91350434
40287739
14218908
52295038
56387288
58809928
97903643
52352225
26807229
87257101
84451667
29172118
72731276
67017547
1596505
61513545
28665169
97011833
16884051
31567706
88076397
12088321
56842492
23202142
74299925
5656768
61307940
80242331
3657171
24109450
44943662
51901072
24870916
5283747
98390672
93409387
71689560
3941447
92300118
5787281
75680086
36191523
41829279
31504153
8718037
4441817
62826526
36369489
69224068
36785792
78447259
47214904
92999267
1492258
12721007
81101314
2872647
41028412
96672524
51379096
66820186
33833282
4139890
65469973
16088729
96817176
52597435
94174281
50271060
57964186
7417489
21769274
19070130
89725973
72395186
4985502
22043178
92846540
19806323
12643170
11260426
19130228
44572473
37076007
6976500
86259128
15115010
49629376
26314589
37910454
69869530
75298485
57217804
21886591
62612326
95575747
60609697
2385051
6225757
96696409
18018571
80510595
2857738
56958492
65628688
22210341
65868492
47055460
72864458
21102436
40019606
7360189
92696612
26276757
39085935
64184935
24502369
94497796
65746419
32632023
42978965
39063660
65287120
22916148
55902250
98034562
8771914
32818650
17316188
51502699
25320119
79871450
85255357
15649601
1106179
36095096
55894451
18492563
48855598
49687979
84517877
93709282
80288201
53371809
40760337
77344292
22897789
75848249
50470889
38655300
8126084
70842247
40622641
24037792
51717165
49584211
2071282
9027978
67884124
73428122
81879563
57958088
91685128
59515148
30417323
18046485
61764796
89646732
72326104
52856989
84817430
62838708
17128427
52086916
60612171
67736398
72115729
7146336
19899809
56292572
5568972
68131514
17684980
15556624
17533296
35593617
87289649
26251092
50650022
64697560
75810782
81647940
86858477
72360947
71398032
40781359
16311316
84253757
81126259
42320795
55396801
62733445
360390
73416125
67708397
74509708
85329757
30723332
87797861
60928905
64645661
79180944
20948810
95373477
11741315
7606451
35242386
79571840
67087389
60752503
93287046
37888426
84108303
79932951
54248002
61113898
93779856
39485828
42631480
42678523
18727018
24584930
13888940
69922698
85203582
10215944
96415545
76041017
48051773
11940100
78179915
20989151
7383600
81223573
43621028
22231878
91951473
50706351
92135896
72376747
75498544
71586042
58583760
38562370
54929455
32592467
42832202
48568495
77391430
60782410
98475607
16164238
70859744
61212066
62017500
11690732
39695228
86372053
26553105
61213388
31956525
91721613
70489605
58995107
56376346
83534379
52188697
61252060
75633663
33105732
2097792
19914580
81314986
92714527
12028870
87080927
87248767
88339513
48380742
1061826
99037428
46712257
9697713
32986935
23384597
8829724
82208398
62485740
53554434
25614690
91987893
45188483
4494956
13286111
28907475
83403796
61904924
22856339
93629673
61670055
38218860
32490419
63579596
38556859
16474059
42701093
8416423
19532993
69477181
58999816
29644916
95560097
3569625
76236586
39170183
89830196
46303306
66050959
67516676
7057353
79645775
19852273
16023139
6240672
96197947
83292219
6952179
13301362
10941045
46528780
72870740
88547559
23250680
15720506
11756284
34242590
28443860
29381453
13267891
82603817
654763
93253632
82361623
45818510
20276278
65105603
86521624
41293767
99185086
89437756
47884669
46046403
28946595
92847809
85074781
11949667
27065560
18798303
42480551
83468541
48700261
65036503
36889755
38702556
32418275
60481819
97562958
49601471
22936324
23605717
81442858
12382294
95450633
55377505
65314924
28803272
15267401
44796878
67108004
57639215
4580785
51312225
42560057
64268058
80514110
84058898
69929698
88106250
27694213
73741
15269422
39249654
88510764
52009778
90580733
3422151
30523502
54892693
56109060
64281564
47485083
80791551
4557133
29295496
290197
67859051
48016308
58302351
17798484
4835210
80623468
19888301
22026851
60818240
29001592
36072206
71649377
69633829
30680114
28581079
91760257
96693252
36950216
62941852
28071690
91707999
28339642
5716967
71706328
29155305
38362461
20945336
81511129
98112778
85019483
43239679
56199057
95007583
41766192
37474595
46463126
24083512
89842095
71978879
47848725
90277912
52715131
72532192
55118667
62804792
90662030
85390345
76085517
15217157
13557941
99823919
28194880
83921309
33900562
84357756
20801377
71387990
79498137
25499024
98740735
30921527
14544020
27027196
35860796
59212412
15977759
53948101
30582352
97230358
46974381
21092583
15324678
96318761
17417601
47965135
20706620
66109325
10000437
99921120
48186471
46511182
56691254
11000303
12837645
12941868
1724998
14969799
31981386
85534748
4094713
68055974
4918604
50100676
47957560
90619837
27686358
72299266
29533378
37074356
62524353
50556774
88568998
11298340
73263734
77488308
42356682
47284507
42503285
66324836
11965799
24189596
64819409
49553697
19901578
62975261
42811826
26109005
36706965
36291079
70015441
86004859
99974588
80780601
21320192
63584243
50748808
6862724
30715808
35497522
78137175
74415920
45253672
52427623
40512730
23486839
54976933
42897656
57474710
71000069
10162229
39828987
30523236
25808254
19758986
88985021
93562097
16853239
89558381
86456639
59500607
45106812
62916408
50385843
39167266
80109961
79784539
89771523
77744579
33102993
33327320
60600139
20540448
69229946
97429448
81771354
91968906
27985182
83047892
86127157
55793958
3992524
76646331
25981076
62652269
83051461
69827027
23816291
78642348
17913024
66372736
88709442
27614596
58929510
27936959
45701637
9462379
71884758
1652638
36498229
94400809
68542242
34560960
22545549
52512860
9013457
48307166
80629118
68791541
5684059
64496705
68837035
67289529
46804400
5350986
1027694
94736064
37306289
82441706
71171409
91904761
48451765
70986794
96032406
9186725
74675461
40475300
96990640
35405783
98865761
92570888
48454599
29318907
96818553
22794904
80643128
59129419
23216244
90255020
1638418
7562075
685165
74325038
37025691
11241871
58090993
96624415
78102729
50110624
40588930
40715793
11286985
7962394
53781015
37888683
55699323
61660129
30951578
91624233
71244020
78528935
14279017
72921
59734523
74245751
17035221
23294622
62380429
83545134
73109926
26303089
13131353
60491005
93748116
19651291
99902532
91236840
64620240
66476668
33518309
36384586
34253689
85874823
87512330
43544911
68747047
17359428
51904050
5721720
3448676
61781901
19823889
63410458
13434414
56128849
88802832
83942623
86539382
71987476
79517642
37125956
88144292
1303149
20294544
16643353
55331089
23091846
77207782
427781
25014667
88997792
6633731
3119359
22833109
966029
6440533
25912790
12337700
70210867
84567802
72589226
30871971
89491984
9721416
25323632
23365360
81948593
17237062
23930994
78274461
20364345
80735025
89285069
82140080
18252512
12652793
49389553
66226467
44019313
4310721
21175077
39849572
80165067
21244770
10439936
21488854
53440353
11355368
19181041
19399247
94109371
37884436
56625848
36297624
2767346
92200408
88814314
13058032
83244087
15952862
22812273
2103945
4319821
77858306
25163017
5772553
69584907
95392723
47827397
96826890
78890203
27340822
94050184
94005659
66552126
69161538
55358604
8396989
26476101
56333573
76868319
9017830
23575833
85549758
15340256
84721794
92536948
8026625
15381191
88353133
7483430
92818711
46075162
30938490
75410321
45825915
87882041
25346031
10781229
84297310
64134611
1732102
13400836
55409187
75188078
61701742
85394487
74278116
98098659
25010120
61167736
37142507
36831456
89683243
35182222
37950266
16870245
51802529
13071829
34820356
55893831
65720487
60411323
92557617
74706351
74608816
69464899
96496350
88808092
91568547
81660550
10778586
34892637
24978264
91458605
34546986
57676568
80433183
89556728
49630087
35606854
49569849
40628027
34149851
52654644
6739805
37125723
42523591
18658948
97437749
2882901
87023647
45625514
24677086
63270455
70423404
74260080
53509228
38072741
31000682
23645298
44453475
64060246
90685064
86053794
37951
24985237
47639915
97650629
98193389
68790720
24013163
54331892
23496015
32373452
64446739
88420124
94968253
79654591
9688997
41393279
49736318
16142900
68482196
9122096
34274643
47965403
23688201
73337755
3826925
43386615
8681055
98694139
34676081
24090334
76654247
6617570
70881787
10437244
19526436
88132533
26088472
97120976
58143184
25093421
98706507
93127533
34527957
71421143
73487497
71031546
13076757
16290964
21243581
43944627
93670819
7882266
74095685
62062566
60187719
63587954
72148851
84348279
56959486
62207864
28606220
17231709
63210871
96310878
92207820
80994594
80543127
32839208
12210145
16815719
80684790
34209073
69170284
16697693
87710048
18223525
50754563
87763021
63171670
37715206
61261105
87911697
40177034
66517415
60544500
11175577
72095846
73677620
68338494
23176039
35178117
72970536
50562677
9627155
76865336
44165972
34343155
59306440
3012099
51083871
93889927
75706821
78579230
5014849
60612594
59938525
4360693
3702471
72179306
64402679
33636776
36949266
82268698
65395086
48733835
20235288
99461792
16645426
93473702
68997153
65404814
11328006
44500790
428107
66980843
56790336
85785899
76167942
4403887
4778157
22368169
72743321
45477706
16029738
54298503
71410332
40678685
90169899
27763666
18165627
72476926
98616888
8633163
34581753
86117049
78051179
70670565
19938219
33641098
10376691
69077064
30697081
73047460
11055252
96753233
3430177
54695854
51122213
69032079
28799924
20200768
13899025
84609735
90872598
25530474
11907286
94816625
56665986
61384749
64377481
90737465
15197187
44540928
77508432
35565695
88088572
85351501
16907238
99236568
833954
42566641
13644827
6676107
97942397
11791807
21266770
66841108
3873515
27593982
95554561
68546724
80563356
15108070
46074420
72655263
35381270
60881703
79283978
2605597
94648627
64085091
76172086
84082281
58813855
49344687
98776448
77402757
65673050
29208086
9910593
33244836
13792060
68999189
32063467
51026607
25625452
17726752
4148094
66655681
60673255
62543131
8812052
89549227
41748736
80743906
97695319
32503152
25582554
36444866
18475269
90799305
34952431
53279486
82408307
14358435
76407181
6039883
23134470
55291036
24778324
56490324
48121276
65944714
20278457
18812215
39522721
57447924
5460358
37472005
11222874
44811671
43209815
99622214
93826462
21597154
90759199
50482547
54490808
25879162
65127841
26471546
19265799
9386167
11411447
44162366
50537086
24915237
58317583
23018004
74670884
79649797
59767592
16532551
59453845
48665545
92420954
82151829
15312511
49372059
39724811
7149232
4676646
39392982
10332795
89506494
69224160
69844363
64208953
42069209
86593689
46232574
73297579
42133391
8294737
24114727
21103498
14975331
11187609
96022065
5514596
45819979
87906586
50400254
1891352
74330928
35001102
22107553
17878109
17407857
7064772
55892963
46456636
20960096
83451168
99145407
84004497
72242115
90584345
76332005
88017550
89009236
79700282
2772795
80066872
31423810
22633761
84875095
50444521
33330862
10552579
97286406
8469708
82771759
12958758
25510857
98061923
52928846
76386662
37632851
47617796
88533770
20425904
74217228
54191704
67477077
36022922
61989008
23008987
24828054
97726089
20021297
24991839
9047845
30234329
94047345
52199817
5481682
41536697
31157641
70188626
24954206
52937469
8977637
94377863
79348736
10770314
4837285
26980682
91162593
74703325
62265373
90556815
53821089
2896772
85922390
28451487
40869072
61366435
3026059
23115928
87179381
46195825
42920621
27309547
9333899
71408568
2941920
98347741
64849535
2140761
12885244
92977159
57556147
58342341
74477836
27419606
44007934
52683909
72606162
35527179
38300970
84058291
47236161
23822908
3481460
60156543
9473282
24030034
77192208
21601707
81500400
16851209
10102434
54587151
23958427
31486578
33903558
52097558
49229513
32823924
94473609
31052351
69581040
15855175
9345518
31007133
281789
87306232
48351850
52027735
2447761
54984680
59340136
43093545
33343742
56365645
43453893
39738849
5156431
6448815
23230037
68317923
24834045
26144364
7417948
99639205
5175866
89766197
63713046
79255860
94570346
38021519
42314545
18023341
51102373
46464082
95483981
17255620
77222455
85734701
48386691
80308289
4846881
5974560
3614426
32207230
98208405
12829185
16335315
47322858
65211261
4243704
88747743
37344137
44852724
83619587
8411876
26302066
65566923
64955251
69056700
1790800
58802950
80770156
72027573
63401954
23230556
60590697
46696722
95135099
38118331
2449078
15747721
98271874
27110082
93423604
83669187
89910258
82497605
80904856
1773791
4151259
97473484
35354220
46655983
80269535
64011284
37464589
810617
37540279
73332621
56747884
4534263
52915116
50972890
43495757
31671639
83132702
9630292
65941963
25661820
10805504
26285959
75338961
32666556
56133978
32304052
11793314
48740448
96699078
63798862
85269587
42497319
68419571
99182461
28512844
80560067
32923173
46619037
94012618
87674715
25722034
54950591
54143584
66796551
55277959
17209639
66704241
6160215
77596577
76017357
11948216
89329868
94896021
22060253
57857472
97003869
88513801
15218999
44752236
63922675
64760888
56619760
61065585
44281069
8952434
99333838
22753494
63436189
46894233
41356240
75160443
56599498
20102821
78720164
9418383
10377772
42059297
92882478
6596121
69679347
36479916
72380168
32541808
411712
41115769
68724988
14250690
91024042
19303119
12696204
86729105
78517435
915850
38515051
33002546
23627632
10072472
95166978
99292236
5082301
58011773
60015851
13565023
10809350
39341775
49795193
32830010
79379623
35941051
24022574
56226435
33466221
33938302
38078020
24800564
89599770
80028397
46582309
97971736
60071397
9313773
71943922
42716242
31262712
17416699
50250496
62448086
60086769
40637094
42034006
49810413
52150881
17864976
77569072
57381302
63993936
12694385
57733248
76523424
7241911
70103188
67290216
71697393
98030596
12141655
23230401
1365826
72055706
31601199
25239702
46877441
86410318
56244898
29803433
59560429
45267435
94628812
69380846
74111901
22710190
85034459
37108748
50393082
14570955
62282898
5874399
12909760
19475943
80012490
33946360
29629185
11742620
93453036
47491098
46129570
48220408
71470968
67098303
6733532
52312062
205185
84966545
40810173
41643299
47199279
59905010
42253988
59204050
97419579
36671861
29394376
91014889
12023671
62001506
45237938
65187642
16563780
19739190
28436414
64752395
49293337
94217505
91775902
30614
12977923
21252742
83174359
32127370
49161760
19768446
53545026
19206792
31967522
42853973
91335820
34260134
79843282
20151564
11451062
75021551
27412618
29678293
52972438
7663329
79833018
35144346
36753749
87606255
69085797
31120247
10196207
2949373
60454305
17540667
52094134
89916646
77519642
60864491
2046670
87115769
24238479
46891071
12652722
77272439
5033811
31720483
78263982
9670678
14955981
10464311
24660324
5134210
28217081
36616783
6279239
26110935
83447013
90598388
16589091
54802984
18921781
14857697
6442387
47985915
69009055
45924231
10212488
14774987
20290927
75502985
32787145
87502725
60293125
98487361
70374254
67896075
65629522
68624441
65709668
50073780
50269279
15037107
49954028
72650953
75263942
87623970
87700764
41503754
7286583
73152174
13345372
76575783
54449908
56551860
23475434
2922567
41034837
58263876
28937815
92416389
64006468
84908449
42127111
18136174
57575618
87625668
97529269
69319300
44220001
60126169
80933357
27104702
72885960
33758401
44873616
42535174
85805875
97141902
84961108
80940729
93885424
64252170
18802241
99609899
74644706
57399345
83224885
55387424
32045314
96600754
60480608
30055252
41813465
50773874
38750665
53300468
5870599
16909065
6791879
22961955
34678207
49509443
88082825
49220470
6697801
24629407
3749519
90444920
61564799
42758100
96347951
39633447
53922640
8719687
61430033
33703284
41691712
29193111
44573106
8572103
60732390
39896081
67680485
45404025
76361068
66679612
36938317
4134488
5460755
73180494
68948965
80807463
67502253
90883765
40676729
61896475
86291233
87473040
84123178
2569055
93535210
38980146
83458285
70906257
29866392
14357670
33073932
25606723
7081805
46904358
29449636
50006395
3802433
56481954
76391461
71935283
927551
94154815
45374165
44955353
98614310
58977493
44059982
10468304
36368489
80049265
2862843
47266029
9365392
32806865
80357791
54532860
35922612
89588202
97096142
17454393
32526854
52048997
62237042
11376343
6775113
96067870
44154952
9107324
79881812
98963108
49485920
53685186
37998225
53103548
4564128
86869175
33228673
87466718
81751874
64026206
98164277
71082677
1868881
76964397
89215702
7970211
23638320
85041549
27303454
9122620
72502035
85184094
4306653
77211334
40666244
37730160
66004341
51622079
36975071
99662858
18226014
9413463
86592471
71511654
73466019
52636914
70741487
4225843
25150050
8636583
89666049
9028114
46565968
7235012
1842618
33255962
97283123
23447879
34684444
69654868
48108647
75170918
34254587
16757824
29659482
87018504
70737537
14433358
73114896
51650890
14079402
72413797
11268767
66761468
3099848
69549152
51107251
65011489
36928512
81807756
1115915
88104562
91040204
97555755
12169979
95132123
56302711
14034164
20670440
52870140
44713891
94692753
36849103
28400554
17627078
65532703
77377214
36789868
96615849
61945778
53470554
44834558
23819496
67406286
88200023
13048273
98636661
28622831
82941955
46920329
33002005
93964802
24521660
75891838
72290273
70930665
88685428
4381500
29429703
49014267
30785844
80463618
48057094
61973122
47730327
46431815
99681717
26720316
31848010
71215664
94386236
42614490
16642195
69224219
98688474
61540996
67646151
53460504
62300702
19059795
39070162
23136363
52049773
78126805
95715507
85197835
4203138
7459981
59225085
62703397
48451306
36089712
40990295
79793050
2222724
83975785
45554173
69997693
89466375
27354070
88154685
24422550
82020987
3157512
40411643
73532898
60681406
68605895
26411822
3781136
67495169
48041676
5220960
50319877
50239561
82254406
30707506
18494553
73194735
74756181
64981717
39672537
3707936
83684754
48950162
87666947
75381341
10002309
58235203
24169356
37752316
36485677
78169048
41100765
88154277
27114620
60771795
69520786
16066006
91858136
9381580
42938618
55801440
7121051
51559918
74502041
20593640
91261075
56071288
62690473
76244582
98610051
62744381
68140181
22558377
11016609
89219108
25166461
51234257
5081622
3058856
2196149
6070996
33664897
96941145
2795078
78242042
61171060
29115226
58450027
13128289
45085685
45745377
12941332
74364538
29639423
63783355
31084903
66763401
31914750
9042373
46515770
73575977
46568534
46254963
12681115
42793926
52767709
12012621
29034568
24177441
92355421
81747053
81665591
66582992
87812371
28891906
54294031
7078331
67673906
81369296
99629997
84328607
5156448
1711534
19041440
64765839
59698488
11991303
66132397
8160367
62903495
42452569
30686284
88459383
97004303
98593465
32306473
44256950
28024199
51851597
46610597
25428620
10463384
85327056
24536146
59397678
52317986
16522258
77011322
66410022
40792053
42832246
20417176
25469393
85891161
6470002
77021917
506848
4479878
8236562
88755629
788439
58446124
19795573
17641248
54728848
64980717
60985422
44140162
91029689
71599582
32726117
14670290
49416530
35063561
41713427
87169863
30450224
69876974
70544074
68350150
58613117
42872573
1915019
6477421
21592886
64256030
78679917
65745676
70521515
81696042
22553629
44985766
85317379
56037999
67677784
20547317
22011317
81288496
90252659
28418787
10438160
2612770
15448019
54294802
27326131
78635760
15773558
57750612
93722902
46330039
85974632
9789747
1594367
94342539
31366735
6425451
42145038
6555377
21338592
27286635
827698
98594147
14511718
44032217
44107569
3606991
75785538
41942027
97882661
8507416
6362470
54815374
66531833
29520787
23974617
2227106
6036976
16739723
61581879
40156859
21310750
98081470
68427566
19729410
97729773
31290846
45790978
84603346
45942681
37206289
53105161
66864188

