556
19951
4067
11467
16272
11511
575
4636
8833
8832
9065
18346
13019
10566
12518
875
4367
18428
1616
19596
10689
12677
11862
3498
6760
3163
4569
1561
14322
13611
18767
14849
16830
14935
10371
12348
13728
2035
4019
14521
8224
14345
17649
18076
3323
12629
18051
6620
5761
5001
10980
15748
7702
16682
3744
16083
19729
4625
8283
16731
3423
18603
10923
8517
9761
13946
11801
1516
11753
14130
37
1438
8258
7677
9631
19614
7621
4823
238
14852
11493
18
14380
12987
18148
10675
14952
674
10267
2867
8035
16397
18518
12159
5556
609
15797
5720
8037
4539
10572
8308
11155
11721
8292
15708
8497
10127
11704
16684
12454
1060
11769
8438
4330
5810
14955
7871
13421
1914
17798
19168
3664
7853
14325
18342
6922
17492
14330
15218
4357
12265
15880
3194
10783
13660
2152
14310
13961
7919
1173
8692
19083
2490
2399
13525
15165
12552
18412
10542
12623
664
1554
4120
13059
157
3934
19520
12110
9182
17329
295
571
8439
17085
8419
12391
17174
7500
10364
5862
5695
16410
15920
15325
7400
886
13007
3110
16766
16037
2912
4143
10622
6431
763
12411
9788
7536
6989
3679
14816
15128
16791
1958
2084
5292
719
9454
17911
16274
7101
9512
18046
13961
607
7388
13101
1023
13733
11555
11250
8120
5366
8684
18187
9902
14281
1560
7627
1804
4941
11485
6233
18001
7970
8326
7824
2675
670
6257
2080
6074
7753
6384
12332
12257
1473
16009
7786
11384
13430
7542
5094
357
16591
1542
2463
14974
9667
16698
11912
15984
8385
7016
2569
19804
4265
1244
5756
16628
10544
12626
3504
5378
19072
3741
13897
7906
2582
1859
14174
18531
770
16414
9273
11146
683
1597
11675
11887
4616
13889
8117
19518
15976
12897
6608
19863
19883
16870
4838
14735
19974
16496
6695
15180
11651
3055
15637
10285
831
11082
4168
19967
842
19676
7467
15305
18154
2258
4925
1826
11481
7566
5361
16309
6370
15207
17359
19332
14312
15078
10704
10050
9279
2283
8869
11383
8593
18694
15665
3296
3994
4479
15083
557
5901
6382
3293
5825
16813
15171
8615
5909
18900
6560
18237
10198
7344
7514
14020
17666
5344
10140
12441
15439
10043
1635
16555
16932
2314
12387
15932
16253
14313
13600
516
17804
17323
5270
11310
19347
9747
4690
16440
14442
19227
8887
12151
8671
15728
14074
15729
19537
8884
102
10018
7605
13531
11481
10616
16529
17743
3780
18134
5828
3148
943
19605
16443
12900
1683
4382
12445
1244
7871
7441
14081
19213
19795
18177
13874
4772
11976
17910
9810
15491
4774
16234
4948
5790
7244
1100
11424
12702
14604
640
15859
5633
18187
7837
4989
4952
838
16941
14529
17032
9000
9905
7704
13098
17301
7130
9710
14891
67
7057
2340
2829
18363
7472
4044
7140
16796
19879
912
17657
4632
14265
15724
2186
13237
18940
15471
7560
4365
3676
5822
1400
5327
15640
11089
7635
8412
17251
10964
19334
19147
2116
18343
15986
9925
3767
3422
12749
2665
15114
11650
12127
4521
897
3854
18758
6956
2866
3635
2099
8426
9961
15604
203
1011
7398
14475
13351
16616
8602
5122
5876
19008
15118
2619
18163
8261
17852
8777
17657
5620
9556
13876
10289
10528
4248
9561
10358
10832
576
5160
11769
14652
14135
13348
8481
468
699
870
7942
3514
4833
10618
2228
259
15951
1729
7151
16889
6177
9389
5833
10012
11429
5128
8077
15132
17022
14926

