3824
37319124
61659924
11076911
62599288
60574586
47697869
75962053
53631045
67371135
58953581
26221117
99790607
48656567
69032279
63733523
90399028
34074727
90927873
69611129
68213861
7346633
38571640
60718801
68611367
39467659
17520857
63552308
35556179
25015888
71373272
75263982
81940117
57567533
24280637
96148223
52540657
60641581
43552610
59012507
47737913
57817038
98195895
40040875
33920664
67252353
68441406
73063498
82868491
23725870
20341775
81085257
77056227
36861102
62516692
11580844
43672388
55188816
63001422
57856298
28203433
97750356
47981007
20107441
2092382
8254835
39697086
37938144
42119428
59536213
97367574
24600203
16602384
97674521
23602663
15504442
64511821
41384145
52280532
70904234
8562261
67861763
71185555
76854091
39356700
85913129
78229360
27267520
49339493
37662770
19721418
55835490
27671627
61382655
25590676
29175486
41500090
71645414
31932118
99546130
25666035
6625586
10897450
97861844
58610443
55929762
93303871
44654635
67649132
28399078
35317081
42790515
104531
43383077
88376527
9587902
70471248
72313465
55744139
6391886
4925897
98126705
14287246
44431132
78423928
46605198
82216809
8897364
27456489
93050823
35473861
2020566
60754684
40680453
75136732
45788598
35162473
12132519
28574974
61716413
87628599
27498752
16460045
89984486
53133891
64077780
48686594
47553250
96253888
29436383
7113830
31839637
13984689
84541261
83934424
26082454
66941808
42321475
64084877
76462515
50400299
7251797
570572
82137194
41715810
37293325
18032750
72160625
44742762
9010795
35127909
11314480
469741
22222943
31669553
24213570
52758119
33170257
70676588
43453175
53286058
48899993
76147519
23416533
95927388
60561671
7720170
14021650
90204788
79289437
1758529
38267419
37559232
33400016
61775914
87235344
26025314
82653066
4354592
38969158
74977102
26212651
34238130
1284548
24177614
85547844
32502020
94190791
68423166
38157530
83634765
65619774
93811024
64078569
74898008
42684494
80630793
47955934
22912772
84429775
8370627
46445340
62754243
37825229
53015529
6177912
43047199
27734280
81853758
78643133
14565936
76318068
50509654
6335017
84035623
50124218
61062682
1013229
7237318
38032821
58978632
82263985
79962086
66690550
54279154
19041038
99657968
83289408
61117179
84186642
56085860
50539021
44709789
21965248
30086485
81532424
24095205
44737166
5163499
51137168
66644276
11485157
87210464
24940347
6613696
29058724
79603203
65636433
55420946
41595292
28722872
4321612
46321286
79277589
88914038
14964831
86999246
94612553
83738439
6825964
67361647
17148900
97024076
14755853
33154626
99752586
97529910
86578444
41171444
57567568
72147662
94023146
1083782
9288002
50235503
9874396
67802318
37046236
79070854
18802377
83206389
43415697
85369625
4981197
89333495
32389959
2826045
89403833
80938022
34927576
49723038
33067153
18644647
58178195
72235515
64087053
23266546
79339961
69357223
59392537
57795670
16304385
78487817
3895381
90131828
32015124
20926493
98209685
95639744
36138257
51230449
64875874
36231427
545034
2443049
41175415
31170267
29163654
50986363
5724997
9596985
47102205
30857268
71222384
18552033
81362271
18955697
971855
22621422
54630797
65601254
17196912
85533772
76921054
48141275
91140369
80635196
81517211
939818
67402664
40930004
42804612
80470147
1161821
69290108
75395913
41997608
98406283
9455730
72757522
52021361
69180482
62008391
48947191
75950153
93580999
60204384
97971080
16372910
38576914
80813429
3866694
16760117
92646224
4162581
37245480
68178052
3162975
77618976
70339608
55110103
31993685
12688204
62918772
61872764
9204985
74194849
14653581
3171671
51710535
41119485
76992299
8961118
21745904
64091792
160519
92054557
9221336
99802209
82256207
1624371
53181591
57934792
15885605
42866643
76704505
77895409
79607584
10039109
76673406
1770079
73943754
63835491
95861210
88009319
12885025
27310108
7404662
53157809
1857814
568820
39073773
37429179
18801425
14141058
16189840
4912213
65938283
28045041
11723746
56560422
45323762
27607423
31628829
24805157
21511017
48160769
28284587
33927201
49318917
60859997
85301934
84240698
4940529
91950606
73381753
75875685
24835019
71864996
29920276
24249580
9984805
33196353
82950844
94154476
38231045
23107613
20713312
84163797
6044005
17167107
89006629
7937774
9040051
31492050
2779876
67840462
35871826
52675325
12092327
62631140
81127448
44499724
87049775
19426799
38889678
41111833
15982961
27156871
88980403
79892819
21376532
89715091
48832505
36948862
47651060
70112208
85989190
1938032
14277538
90911568
11964724
55680661
34584802
99505657
36929234
66175597
53444908
10278402
10885921
13264905
87073324
65075065
67926679
95544722
81739842
64804288
88271008
28604610
16848642
3351563
11096344
20218217
63416500
67592164
91377106
63382761
55629270
34781096
2056468
79920570
12731029
24849671
17107480
29445863
83860312
34849927
3373965
21344399
86161461
86051329
40587796
97347684
70417018
31632163
70722756
37952304
79856933
14834668
28709799
56118091
1082732
2780211
60234554
51003942
26988599
33933089
94900208
876228
71227552
46912434
89722800
1972539
21162106
48752185
65541202
8529975
56671687
7123929
66931238
71154040
87838016
18429708
50637165
61712719
42261713
89530143
8536286
32534308
2580506
26928308
98812963
14745075
9385456
13134143
89686617
93492683
93637594
59259273
84927124
95887438
16835220
54759473
36452440
44767540
81677455
41087782
11931169
78662087
14580847
72397102
28209116
31549032
60979340
41313122
8679276
73909256
46120562
29174959
89988134
3215280
12813409
95513942
21886036
32367355
45635277
6606701
42147766
53363607
8119262
93332061
18706685
89441991
30503410
64589922
19211598
739299
73205526
12146958
52862661
36233174
51200913
23757254
72088303
2844831
18686553
4230211
92955727
16951761
14648220
51601682
60357082
84647188
57960504
25518356
62728571
26303137
24274243
23372799
97233296
78248650
51912836
80447451
69215083
80448880
87268856
72173446
4370129
25401482
11463759
14107441
69128062
40681381
28159340
91179489
25336736
1084254
37337320
41113327
18660952
58356713
12550543
73441672
28198460
623502
22248417
90144813
70773207
71983399
22922643
9334836
23896615
73663140
22355979
22883141
46250270
31126407
98858984
88810462
16214050
37380456
1737080
9808848
78636429
88463218
65229120
67620544
20318766
291812
29934455
48941991
90294726
54880401
98707595
69406289
38823819
38378080
5565595
68127458
84757928
86693581
56022523
52184140
1720251
60980838
927924
12418779
96497494
40416334
13954049
57721513
21178752
13382590
59742931
25170730
14729265
38984063
45361485
9280930
83835097
90219377
72855624
14164905
22920409
74072071
90407121
82516142
755719
95478985
65814950
80022129
27726127
98381009
27452349
76532104
47174029
98331726
6159037
77557467
56111188
96795141
70637955
63948840
69906731
45841610
16958878
22999935
68959146
14893067
93296596
82957511
831969
23764294
5460123
60019767
94877905
98946189
94012832
87384286
33113073
6512649
2950467
57112092
64706731
71847541
77912344
43877415
66098652
80765855
45819496
10111623
45452887
25495530
43881903
3196569
2411363
16463822
62876956
29248784
1056824
49435734
39403795
18559855
45495430
38096545
77736366
94213521
47488751
96986466
26714168
74482209
96934792
21760097
27391409
46309666
71325020
34974968
32473677
78831465
1222120
66445974
90890484
38584350
611488
88637503
19220675
8056126
95691624
91457545
2683786
32949532
28734748
65228449
82296141
35401179
29062665
86047940
2851011
39918325
85351026
25047495
94973145
97263032
11241484
75643920
12800816
52574404
33769858
5114266
84451227
16634766
58319602
24163956
49174946
81046240
68305005
85293891
97850881
26715222
89728123
45500
78486058
33829091
32949141
95451179
4859327
63391050
25719721
31144943
9567001
83681189
23462554
76772858
42237380
19907297
84588477
18510678
17147136
70302272
53859165
57663643
58785089
8091350
27701048
12049786
12912304
13516813
58364160
30101046
65340073
65539874
9036251
60788517
42888507
94628773
57703395
62818612
79382698
95617276
20445606
99993952
84792816
22448864
13970599
56566333
48677944
43482846
36094684
58590323
40253282
56936408
17880110
36232252
22597506
88474498
41334268
77669863
42421856
53935590
17474200
95775321
22884857
46394080
46145736
50524038
90481405
67559074
36437318
26736124
14977359
88149297
87459137
56023129
78516873
16379110
50680282
36846031
83967861
84522735
26766248
72323752
92669588
6905547
27683380
16185532
53410459
8653777
15754621
445180
56135665
57194922
55400309
70793194
29761843
54451154
25408131
14103838
47644080
15492379
86961663
9852868
31449069
81591338
64222905
25838873
56389410
62516984
59382386
69433841
2118331
44094802
49398369
68071987
47960792
77685594
69490607
14841691
39407822
3804163
30577404
27909367
35664036
62525337
45151448
80387371
13458582
32833335
13258826
54557998
82741397
64282703
90167117
19156170
64199877
58402086
72439374
25451232
68431613
47278421
7656623
26878945
72736843
12572233
38804551
69726806
64128110
37414339
45086944
60180826
10791770
98602585
54723255
91901466
51955383
24688115
96591104
60419676
85735266
66681167
34016607
64221941
74636267
50544254
16380784
3553360
59326485
11538277
75796544
2659310
54035545
41417533
47584722
13388513
76092772
17281043
40329115
64390993
40994452
69825864
67083270
16906487
81938815
54482194
67774704
87537060
12812652
9237497
56306221
88737467
69079512
51633243
80309505
98609330
39144434
26454761
46427816
96191638
25907231
71007783
22353360
99698564
63222391
31317488
46779161
96479024
81728070
48496112
36269212
23505506
89142924
43025192
10941025
13031540
30469245
96054382
12459750
72946134
36733442
97225706
7934879
74911626
27767862
46571930
76554609
23862952
7710698
81046478
24442678
93494746
83780642
3541933
96924988
16949985
35384214
14056111
83514310
85521423
17526833
7285280
24387210
60365771
82072725
40779171
62980145
65775888
70825109
58592429
42069978
69469678
57778874
27883270
50678679
70564104
84287934
73393996
62798062
95529236
69827092
87755375
83799641
7449950
94541406
91599414
73861318
44132677
46767606
49758392
72820760
21675708
79256422
57796324
60754853
46412747
77850607
4967418
51309494
50668812
6950406
19158544
51882506
82688558
94381010
56004238
68077395
11425653
2883504
38465457
42198712
79652664
57036719
61904652
16051281
81931873
78028052
1911554
90526638
55303921
10571991
61694797
93103952
88054649
47251748
6064251
16974638
42491042
2524891
19356780
35859761
84897446
26963472
86767829
68963512
33976533
54408332
47142848
33107222
75441938
6074954
90006794
2351887
31812435
58766075
3188451
28346462
76411428
43351683
64453457
94947122
92731939
2978425
83830446
85652653
52076421
64796587
37429541
75310947
98848913
14162328
78244921
18448865
22732832
61000948
12224318
88524579
81398052
82518311
56027614
55598877
72151069
58138830
34285718
46383667
44376741
80201785
74413622
64754113
39730405
62834411
72280164
24552596
30474013
37219101
65628441
55032174
44337441
38484027
31669027
7300742
49941719
12520294
12947873
11654918
76460474
23537648
30801291
63890060
20035929
86579427
74470951
55946665
53076696
81464443
19555477
88180325
46568302
63450535
27757892
58648505
5167078
93136524
7784826
1045523
84572959
15733250
14730192
90080470
84805003
59147029
79188659
21532119
93501364
81923717
17828837
91070433
52703922
92161094
67110138
37787953
8085686
85023745
4783324
70239483
54178947
14201233
78309191
4642532
4529903
87375239
99769933
27840390
95337830
59030951
11538899
61921263
29053287
25429352
80729874
21588258
4108293
59538552
54732567
63316628
42856040
69646390
76621892
69076912
63846986
55087926
8874957
16058964
14273658
38203328
64937019
71486290
53206876
31189329
32574701
9525488
73742439
67824408
42693010
53285992
17229989
90887035
39644591
55140457
6215991
68844944
97494303
38393492
22149071
83040676
74932111
14951423
43188531
38787767
57432062
47590581
90255041
68647422
28158019
41398325
23053541
38324832
57242502
43161327
59764133
18094586
88685253
6086346
72930582
36210075
19268433
5181344
19652580
87285064
11480655
18132928
63794638
59146681
88261176
45061483
43232807
9890009
67080537
21715287
34117974
10396234
91542611
86607664
96729943
94863584
39039900
67163154
3184440
93158433
99704828
58273552
99148957
76080844
94795793
8080304
78735164
8315214
29190348
38290029
62174818
57368910
4374770
25150260
44122988
72581154
13286556
56721127
61166927
83468632
95292855
18454493
60761616
21181999
99574916
14204255
11251788
63774747
39808281
62306861
39120050
73750852
94667230
395511
86030468
16908295
83497745
92440804
9848090
36842867
61523779
49131791
41122143
47202510
63963864
34847749
21258321
22249486
95775371
4097608
58900357
10336864
86829544
50480591
10222241
92291748
39004880
16569220
24782305
63630319
65703672
6379204
99586707
61614088
33778283
42437859
93157787
89355499
50495235
72988582
21783023
16285001
68479220
18564550
89740059
39606022
20124738
74026099
11210686
84496570
43369029
76127183
4015116
81262129
32129324
57967
6457162
60435691
77937527
69393374
39076181
98243228
93821051
42140954
42779931
1471149
71963106
94264084
8909088
31375289
80830505
52915252
54391803
99377425
60379937
64431827
30612183
6934328
65879662
1307839
87971826
72390760
31919883
50985915
53300257
55321099
58387139
38821884
83987274
99276867
73914297
85090989
71451624
82153827
33142754
49207404
89975179
27448691
74644870
28817611
32291669
91746224
44015042
46008784
89446270
1837578
15596297
20107893
23274961
58331300
4978334
17202728
93875501
88502359
69003803
96384588
74206726
49604911
29783534
48905655
66802657
92976364
21265623
65545522
49757659
19142275
8345707
70208252
73109794
31655067
70392212
29638215
78040186
8486672
98898447
29202617
93023673
55175795
70742508
3436268
90344779
66086280
56602897
32915182
3044528
45899719
77956792
64306626
23589113
44448476
99771628
2108382
41973327
15197223
77565712
96945835
38861676
97425212
7055704
11049737
87233824
21991524
77210190
43443912
18870989
4018714
67279182
16284719
94445035
48916879
51738122
95307640
65034373
86826790
76986632
96405842
5066938
94702329
18903839
96139102
21381949
83070034
6339325
80497843
7132885
76391475
37079460
81208154
66678237
47139279
27691496
88136147
64153541
95631886
71216627
6290830
16904080
69008141
8170689
84254066
12336724
14440091
21389988
92241754
43701949
92874941
32959169
45170067
26647435
462123
15115409
70090847
71923471
72128209
2906978
29549429
96900529
23996752
31122899
4521343
24201837
56468346
31751771
7373722
51533650
7895513
96576451
64864218
23663106
99520553
90887847
99382211
49696053
41368537
31875833
48936657
12109365
19600014
54364542
844785
31214179
86974879
26749263
27647237
68890033
28648602
79913305
83978340
61491749
94657726
80317406
42477912
39445341
29323647
70040562
85133983
81213190
3505414
55632894
29027562
1333603
33672622
74280256
86053473
25116620
61048712
46002505
35653917
66614828
60582359
60515966
27150764
71664514
19956373
24592280
46984337
95427169
85449708
38360612
62936257
61652849
35746494
15913476
33815847
3436011
6339869
51540204
27355937
48274977
16588244
40165605
45466112
75148276
72693724
80342989
84346764
41661275
63070952
63464149
7124350
40431075
3674842
81388546
72179717
85135657
23071307
21351341
69521985
18985826
33331719
68622083
1072843
68890323
57780622
32241541
54160427
17797465
12653717
53411209
76669280
84590819
65543299
78644919
23977820
81034483
75827700
41634701
97486469
17923617
78880057
73325788
59769397
56240024
16199638
9971784
20714042
24590487
88228099
61456844
73501783
70096881
5113131
24249140
17605314
70241421
8164976
60552097
89700516
99880679
41481766
84635913
12722076
11436173
58206291
36657844
63829820
70548642
70529333
80117696
12936842
83159135
24226236
1539742
48352641
73479821
59816971
76175250
73394573
53424396
12964348
83873847
74118163
68793168
17885081
16840441
20957926
15921630
23544228
47790233
42319571
77567443
17927951
95985580
78209558
60781149
39300229
95223836
95980002
5712449
42398943
54576038
33987805
3510611
78037936
10880091
43135650
14766849
80525242
73086751
15003710
98243785
89221238
33098285
75772595
45572797
4466064
26172817
56606072
87935494
51290472
98882732
24530166
15757919
8950675
49024435
52648717
80093846
90369880
19864368
45920909
85664270
40051251
34521216
685502
60717119
56130901
27331923
25041880
87088436
61242914
56841264
19891339
22542348
40696241
95578862
19950457
94210427
55590736
42652220
59166647
62756678
1954046
8192794
11826511
42301130
92137455
42072925
5124033
48860789
8654604
39148079
71032445
72524107
1668464
4995469
37348715
68405090
16175339
39894727
38074724
65577319
74259331
94235651
25421750
79184663
33039598
68327867
58569636
71495111
77917722
41022778
47824099
1295325
22841509
59552803
90528542
21966164
55737701
62920682
62668914
14517308
49440993
18498137
70450675
44041015
2090710
35411981
10380070
34604541
21470643
22037238
89448581
30995417
28783901
41470426
79653886
31598890
90014316
37695699
33115508
44943331
40988972
37915852
31035452
74861323
50728605
21002248
62454177
35282237
56047924
9822619
20429409
9099049
83710232
12774127
54006318
9851410
53143717
10878528
96713006
25491022
77203436
62791712
23199611
32118986
70716721
65342452
67468451
80166019
77336171
74502006
48022313
97602317
98815688
60591921
54210563
70590224
32921895
23824392
40115994
47018438
28833948
44310191
58119117
53815934
93072623
13722927
15901038
95253533
29831453
27099239
10102723
70188951
25382102
14335878
20218502
28550010
83107326
48212114
89407974
40896100
44928044
65162724
18418948
70664840
94747181
46940585
52064630
12439341
79971714
14866019
99040968
58798382
30425053
17285734
18334966
80539771
22185641
49945947
44740083
14883734
17655935
42923712
27548197
61197592
45000626
39574886
24541415
16581162
64404932
56941810
56611334
14039052
32214766
6722909
96354372
47243665
61601948
2996853
17491160
34896800
65442798
72894041
51774443
61682101
75328824
37666048
54499612
84418910
78917763
86866354
34659582
15232959
91555594
54023310
62739093
27706895
4292798
38104578
43349981
55748888
97560771
21408342
17039171
63121339
89217521
59274786
75732009
94756970
16471123
14166739
11463526
61985451
73594539
71046187
73941700
9940636
88550892
56353469
35500928
23550569
34217407
79343733
21748430
37261272
15872510
92956686
45256274
62150590
55928892
98989978
46938536
42345862
28573243
34633981
8219613
41007537
55361141
46187122
8502515
96350289
39624084
86419717
53100641
80775310
77991674
88056600
77957009
94470177
63373369
61072094
40986977
92984795
43338395
19092195
78982819
53717791
86770588
81751681
36305820
19976804
41982827
21957996
89972360
35941300
66618989
52884776
51822356
84933167
6859450
1261198
36085731
93150857
635550
57612618
50925066
62641799
15475481
70772064
39445652
90832774
77416544
23884194
13620223
50818805
77327449
8454971
89935293
26689750
68591907
79126824
39079348
67393857
41415820
22299066
16454846
59086048
57729176
69117462
11568169
73955444
56879105
47833012
10497848
68336975
53549490
55104227
50248352
94720472
6996042
50508611
70887437
16313866
18831519
6288458
59306907
92200949
43987513
65404352
1258332
34024508
36274899
80851778
93688536
33526165
96170717
73416387
59858569
18832972
37305853
13274374
9159515
19051712
7924873
46060326
99351346
15552229
67973390
69234959
59625828
74644928
63201997
95305730
47874874
98762478
65271352
59187220
94451315
48937501
61783417
92250799
49073601
59100305
75354348
45776144
50743114
37163937
85274272
64407751
11703337
90282039
25154778
78410555
82058986
99377492
20647058
19180835
80855058
39134857
50467572
1007118
24401812
89517951
83850720
88995803
9145949
29336945
9919851
44046402
98635977
42402220
64809051
7032138
80033579
5924374
60801455
43247568
50321994
81173412
76993044
21159943
5363422
80322274
56645233
94435570
78227223
78360942
23808605
1159659
70301718
85310334
91799459
67052064
53033330
10813270
53234373
25843729
4067765
35853522
51622774
59186451
14588892
30725091
97689118
11993296
3968987
57842185
4409178
84664772
69391382
57988318
23964538
32836289
84973289
11733899
51550209
54338925
35159585
56350288
30543400
15234495
45769088
58416897
51078492
94663045
90963005
51760772
18626747
37198305
45120130
56921428
83596699
66106055
74441709
8923392
15808515
98946689
67597839
18959276
81115951
39506475
21673712
49413263
68295441
72774455
57583497
43856756
45337290
14419434
783944
23064634
90938165
95304926
75033487
52163668
92846685
47955070
46615094
83899721
43160066
17357197
7862789
73004340
57269273
89449375
68373306
8934469
16373832
22686365
7009033
98912063
28972910
40265798
10458903
68976376
88881432
82555817
14812158
73147356
84037645
67633836
86271948
5110378
70544836
90899592
36238212
49630645
76180712
27963210
65399451
94234597
21559003
97636435
31033724
75096756
86984240
90616793
75933445
52033777
54737199
48635493
42596872
22933248
70434901
35195987
49534923
24805976
27730898
9390933
16324488
85334787
50471433
17633520
65973486
65948450
93159187
35950845
18352286
92010599
18138940
51286057
55773102
80464536
16890245
24850038
64032809
38629651
2911008
20576183
92399245
43867716
28039671
31719192
10450252
79433777
69844006
30630292
89478732
56688367
90095996
68603005
53640296
24260906
43251710
10055416
50929132
58476193
98173284
53729150
25842716
62350759
99023514
18991452
63178670
3466915
50202176
4023091
45565259
80921233
67040810
88178809
71062291
58228095
91666145
37360630
31061782
93679121
49622304
74756424
96692955
20169981
91726936
86046048
33908445
1912976
19038764
22194435
89296136
19863591
88157430
4392265
26321985
28200375
88441920
47677985
96040411
87100741
58270540
55776972
24965411
56144238
35637389
44425309
54617813
74535905
16532267
67903039
66712997
1563872
74046339
133039
21852855
7619011
11552165
98367038
27423271
14681973
50023636
99687505
18307714
2975221
49889033
58661536
45646410
46315733
40405360
12155322
73477238
65952447
88500202
11394943
14745840
76616939
70757513
24425125
22713877
40357546
84248343
67544116
37830969
28353503
65603728
2497034
4939040
48290944
17871011
57710936
41399174
95780633
71739445
46186018
12379288
71304777
86003933
29276611
51330169
36729668
24488553
28956518
30237118
16528463
51277656
91400078
42949874
48995655
76181343
79080592
18012946
61306650
65762788
64918036
54246418
62458956
62345605
40665240
23016023
34553972
63320978
53109996
67290427
67825341
77635471
54745015
30100620
51458661
83312307
86926064
21745933
77456705
20993644
25473126
37988083
20800567
20298712
915769
69606505
85598658
92674637
69923166
46388493
84949618
42653139
99189791
88935537
29211241
39177636
36534425
89773466
95696351
90041523
58065724
12344197
64061599
29404706
7724879
98239645
33123208
44384458
18091369
98182470
41013262
99560887
65754617
26445397
55307958
5949866
60432318
70308245
66856861
71501205
68949584
24277572
43158257
59609634
25251734
25470868
64373878
81667373
96470605
82177579
24053506
76862789
61610375
73112996
33363970
46820143
45729834
75484427
16679411
82321506
19817581
32721508
5413865
14168716
77094239
19695141
28346124
55734284
27589471
83793079
57539350
79750518
90240421
83811833
31015383
50726163
61076151
36763069
93310641
91044190
68694261
40274506
48946460
92182408
89630734
77872856
8977955
65283828
24894856
62311959
65588197
73402812
25905980
66684584
90658581
8133674
49897944
73743522
16290426
80005696
70361179
85620750
85593455
68719153
58374301
88879212
80425572
8209381
82649796
58901036
30657884
79133817
85764048
14772277
62677869
88539580
31290128
23340130
87261763
4601524
38274986
69926656
58939550
57053207
85950743
30895185
27311055
14339794
85168036
86516748
27501886
52459909
72645363
88336602
42079207
79107333
82333560
97869531
12664281
66120408
8076028
86119199
22939318
94583741
69609502
71975214
20794166
8106530
59926221
64081793
53911715
73884332
42037967
72547334
7710814
56970163
60142397
87900319
35404121
23554498
99503108
87697315
85937819
83516187
76190565
67500380
54911167
14760753
12922230
27252616
85894261
69149485
65857952
80633560
84725759
75445098
26596639
36300404
89438133
55971577
17153157
70359413
79126146
45454365
3013431
28862057
90991973
65127632
19202286
68523474
45435889
68596284
93970999
1436840
52410062
20612163
91054579
9333715
88891190
37670648
11704536
30287281
95132792
25197859
47775214
63002262
15122808
70463681
4913172
277575
97865260
47983233
50115960
49452926
48601377
28455496
77303586
65638761
46051316
78997678
49513578
61635371
24890074
66523519
32686717
83675994
50810392
392508
85342428
15720063
98224779
4133527
3259101
2316185
72349986
52664826
82330920
69281433
2508639
91366912
63343163
62163943
64636378
63069946
396007
19074781
32404670
68918892
31770833
67758151
25720650
90455950
48154098
98059497
56813905
23863756
95427095
6115577
68307130
44069446
90304609
25331872
47681025
76173392
22793669
96565373
38722996
59386098
61337486
46123554
72148726
39449705
45107158
14456469
92847104
69465509
41462033
86406609
16330651
49763018
48808323
9504578
93428135
23298223
1507012
92793676
34982040
84031841
20048963
50921669
50017523
88287649
26562496
61343606
65174485
83894114
21177809
82053791
26287469
16342860
13363550
3359344
59970429
246844
87862053
7830416
1058268
19905729
62346294
69193626
23028471
43277216
68921976
75791514
49587532
43174737
80359202
24210581
63732717
27264384
33845571
89762303
9269763
80451981
25399355
62427714
68088905
41737741
59910208
12105790
30027917
5047111
3799514
87706819
91173682
48598455
8439142
82364696
92365488
82689934
62677399
27166584
59419922
58572592
74603248
67128720
10110583
73909
71126604
7373570
62934931
96910696
27190102
31094501
70053931
57305419
7371025
30500419
31756956
1033617
11053138
29416602
34299732
70287395
61312321
8963931
54202199
22719516
18237147
88734574
85296827
10455629
57876851
25587116
48121389
67971257
32583468
94687843
75378282
7162393
70821504
73106133
89508807
73240154
27343037
94069946
40599978
66220058
77535363
25459641
73496846
28772911
88654407
66085107
7993091
19866656
30099667
40139641
48030507
44933802
12927427
66986193
9140542
45276732
21282314
24120436
74894727
28166267
72804971
6462291
8884325
40686783
39601664
10246222
10905291
25860244
98452151
87178427
71188928
91389755
82739151
75479781
21321439
2543142
17292639
12290186
9205208
72216959
86246608
64675420
34876910
79583393
25068639
94085760
56330359
92307101
68249756
40577299
9872736
11348663
40806381
13623712
63460518
40039143
74479371
97035435
57622493
35073112
94036099
8280617
22567085
32670188
27974711
66716934
66126928
36851894
5950171
47712670
32986133
87657599
47692665
81903940
66232289
49155906
76655853
83821246
29830824
67362479
98473321
82106566
38784504
52986028
14013682
64198283
2535023
55273423
61903329
1184558
75984192
44162533
78209892
87091781
92466354
74320751
7605242
74829148
9733536
9221152
5431034
67498607
37498618
58428000
16846605
49106801
4249410
17895115
247727
39351496
48235537
75629491
74694322
66486223
57988240
72884122
11740091
21808466
52779775
51974329
98820291
902422
70230321
59721596
78266775
21538126
41731341
90004483
5397593
12296231
43168527
60449442
77266685
24972349
17792709
92363874
11647948
65420067
47902803
8288639
17806564
74497248
67090928
32891111
49221558
897900
696678
6379457
63895175
34545975
3913878
53937636
45486320
11317923
34168306
72583259
84579934
20076677
20512000
90107880
15747730
80936103
94280926
41800574
46101282
62894665
31998392
60348102
34407158
14481819
59378004
58387611
61858252
39966533
26281607
44301197
58538165
55635936
89591741
73310562
63533974
87193210
29994612
26846352
98848168
10705429
50812609
41791428
98151672
1826344
37103819
22068575
43615207
66970397
54229067
46589428
47109803
87007954
75198482
44056523
76871116
42977304
63940483
43097696
54430632
1998135
81321237
25642725
28530928
11623784
84111570
82821308
66758696
54132825
46966490
20623358
45354539
40419245
61356001
58146294
9387941
75309689
41755052
22564007
9588631
46057160
77087384
73596226
31161815
13913112
79264788
88146609
93866637
86962651
50001186
74310159
54307767
11365623
24545242
55909677
74588581
86639430
6839782
7168271
40431742
72729110
81534215
48500844
55759546
78733738
22653071
28208178
45516453
12096439
69019365
38999040
71274979
56901608
1497860
16070314
33497830
23127131
91730940
421304
50849657
93123106
42792816
639719
30935609
8016835
11500054
3303079
43888918
14089912
64862010
55560859
40688087
91008240
97093179
86725404
16511891
67101516
54671117
95326391
97041465
94450979
69079477
55600298
22939145
48838078
81567696
25308267
4987417
83570652
92050700
25669153
2679761
71322159
78275501
60203048
69356398
68983517
8295690
46849682
77947779
11753217
33212685
47772065
60615539
20141863
20282551
881741
50849273
9956819
61748377
66061252
64801440
67750395
50263644
72223461
95897163
60637321
82164283
42108613
80805550
74891738
53950339
45369387
14878419
68212289
81616410
27905811
65307031
8020868
44220405
2332462
76492074
13101918
92653728
45396575
30090898
34348796
40788666
14831168
66380329
69912192
63852150
57438364
65558810
66775425
88979995
99353330
84479464
67826313
31136644
17735160
85629159
39818389
83109026
56794134
15915969
19882392
15066613
89282791
51411699
2062329
11576855
48581563
2295885
9590289
92059697
42014743
42201973
18575278
58959747
67867444
12732004
4049298
17771489
76018044
250344
10546676
93589553
58103824
72452896
56692222
45835758
19179077
7182340
31609421
74609575
15229986
97572058
46825077
30116992
19337956
75792578
91186811
65944240
53961850
55086123
34690904
90934274
73061385
26792795
73298301
38322261
36335465
50029291
27464265
91022876
65182374
59347528
7652244
14242270
85185152
1664308
2794792
27918006
97835243
17494595
45509187
86581972
65399952
14739039
58805527
62629371
56155210
44815684
52294986
73432577
97434538
50153220
6214518
85602898
84502131
3209348
83496873
57933421
33336351
75251709
65915110
14104421
31458904
43819900
3403682
85557346
54260352
55946083
71195720
68476190
94403882
4355558
8649398
40334440
41430686
32774542
55025342
64160164
74574681
80443322
99207590
89555529
94717067
13416729
57535400
35569249
11804567
1393969
49647986
28770573
61374870
48589786
39563431
33339903
65615061
70266052
32614493
31459325
75781458
29563117
84905629
95392101
12697923
66151212
16208870
67738787
61688719
54120105
92798890
70571197
33971282
41459554
8858063
80423112
51061597
55199912
80206127
37191536
48450740
88110752
30374169
29956468
7392271
93346755
74101710
52969255
26793050
39753822
14272517
12727280
70829621
53798674
82695271
99758539
40934004
16831061
21479187
63845062
34075296
22940656
71360540
7193477
61767028
23568511
21292550
1581758
82185569
53971443
33891916
50038974
56166411
19494675
52476125
98661090
47635145
43389431
11015322
66767135
5760297
42656396
56998618
53351290
76213353
49306899
13931751
83231888
83023359
28490146
93544830
86816016
3247891
41546657
74282834
62339644
43529471
85685326
87186314
45334124
93341142
72472634
10145342
96596875
54659034
88666313
900094
87814552
21462788
21955510
28480332
5264421
9077120
6267021
6137117
87917788
65497391
21080111
43545692
63097589
53375267
62594385
85599078
57959873
50784038
1717758
48185487
35115299
54229812
97124880
46651035
14743057
245756
10430395
42373446
10176279
53105251
51760643
23573949
34521300
31445505
63075648
67883811
14719356
80060066
94667937
96403213
40285780
49199302
15965094
94678790
41044793
29577249
70078885
66726411
82923033
73955867
5797190
55481104
87574904
31853650
69285894
2812794
54693101
8118803
30651576
48354210
87135395
50118117
75541759
31767641
91776984
38168062
16147414
33791070
99371873
25302220
35152392
20624874
97623588
48334702
38921400
6069029
8133532
52427832
86118619
16411054
82980953
28017202
97949881
90371350
71340413
98921369
71614319
16975973
41923392
59034204
11572080
9011092
13236077
75968672
89951999
25892626
49202403
44200765
41394103
41298240
53029398
61861952
44351747
39906548
57532043
26003047
10701478
79534329
92311135
25674407
35324980
51221133
90070976
57723817
54293655
62555874
22240882
19742281
36701580
44848542
68802123
5629462
63515171
20863835
11029176
29302741
14304578
90895144
7178550
62644734
9569827
42421510
32513753
96266813
97042897
73268844
54630345
3318257
88650159
75038147
84572096
37599153
5422065
3189994
51693966
97136834
19058977
97592755
65574549
16705698
12702619
47702116
17101133
16171137
64851217
38643256
61309377
19231427
78509065
27317724
29166352
96070271
7090522
4806130
5210349
71833347
9824434
3008913
39133983
90666829
14745363
94496706
39154689
92047763
68537681
62496516
73529091
90979260
68265366
26570954
63461416
27895525
32241630
55019256
52963206
69685982
25969019
32578153
65434825
91785898
49329554
93782892
68063153
57545730
31001244
6660931
54264719
95187410
10022375
26954659
45498316
87969978
98913810
76582454
68311649
3462287
12363156
61239580
76851808
94504920
93725238
48593765
67425130
28250193
90957204
54329753
5611063
81891435
25271712
83624752
4134673
29884618
9191967
90865946
87297113
97125062
67652394
89438521
47160577
57096427
61718958
27370466
24069904
79454329
9358829
44437088
78764833
49430244
61575419
15921776
93599460
4985940
76490817
73557446
13393051
29595430
47764477
22534279
67445662
57974122
99307968
35786444
26283480
32075108
51216879
3349286
13441864
54233099
87929155
5122324
40654209
90378893
65982025
49633423
83078699
12491976
3490787
62991230
82766976
70717394
51349445
6125634
18822095
77741682
55825400
21856300
26630652
6869669
98302042
99711746
93980669
13684250
74062876
69953918
38835807
54952119
52731971
31906510
10023871
5116434
51825448
95066645
2262098
38318584
39344632
76007912
98965597
23825897
75771188
81644754
60814525
44878489
32554802
804561
36875105
83720561
86457498
55837399
95516107
45607693
1386730
62828362
25067923
54306748
12244979
56519812
16957156
70870531
59308633
87610964
29907709
62876185
9000983
63836795
15031473
81283180
9198329
4289071
53833447
60795419
31094048
12877468
77611035
12646522
66690178
53250142
42841307
30791058
60199527
69735176
19056714
47038878
78980845
51897504
42512033
21784462
66163077
2567456
67602089
15232392
889203
92197879
10263362
3791714
93322578
52787078
46478816
62556458
39592590
16806820
50348552
60143518
42695400
58507290
87460311
25350836
52108789
32514087
42367100
63610643
79361952
25798398
59438009
96698008
63741347

