415
3685
19499
5044
4658
1046
693
4569
7129
5610
5931
11223
2562
18704
4772
7059
1068
10089
16106
17899
14027
16840
3258
15179
8455
18041
15303
9720
157
8439
15064
9737
4316
7923
2117
393
6826
16244
6270
8727
14877
1362
14021
3462
9986
8633
18703
18109
4505
14061
14246
17879
12247
10592
12298
1156
12419
19229
14219
4391
16985
9601
1169
10998
16042
9629
373
19965
7066
6037
9925
1659
4001
6532
6947
10532
15435
18806
3015
4317
10296
16172
10680
9315
8732
7323
9847
3621
18368
7821
16117
7557
14687
5823
1559
6970
17162
15649
8537
145
13028
3514
14249
13479
12103
13409
9959
18033
4573
8005
16492
12117
1480
3270
8736
5006
18299
12953
9313
9100
14782
16040
17123
12114
17102
10352
11563
16854
5115
129
6419
19076
6760
18242
14474
12347
14830
6986
8433
5902
8537
16648
7230
16996
2857
11324
13692
3225
17587
16987
15049
14811
17310
7183
9719
6990
2726
9204
8204
17896
8348
733
4770
6038
8484
12621
424
15605
9782
16030
3839
3322
5822
16158
1374
1674
15580
1773
3534
9346
19524
7232
9582
18033
10847
13472
8336
3321
19048
11788
6810
1938
13552
11731
12455
13639
14842
7035
3683
13239
10784
19998
8787
19413
18508
3367
6890
16232
800
8569
16309
19819
13519
18728
9968
1646
11041
29
1870
2804
19027
7831
6230
11763
16404
18021
3808
12856
17001
5709
17724
17056
2666
14888
15756
17823
12259
11523
15332
10685
12437
4224
15345
5556
3442
13747
16912
15571
13604
15430
10034
9214
12039
3157
14431
8268
3466
13746
9647
135
9778
10850
6898
6288
1206
9342
13706
7673
100
19219
16620
18633
13467
867
9635
19291
14991
7330
18412
2559
1545
1081
16315
7959
18404
12902
17620
8827
17777
18522
7827
6326
627
1210
15494
10855
18340
2943
13293
18018
4046
1526
15072
15628
10451
5472
13449
8418
1157
14515
9766
7250
19631
16632
16905
19104
16426
15659
11000
12514
13257
19134
18157
2469
17134
9877
15222
4518
13554
17099
14358
16282
2593
6220
5890
17095
4667
15706
6661
12904
11285
19400
6205
17804
18102
7010
18812
824
19194
6435
18952
9344
12818
6140
4155
19410
5058
8372
19428
844
13378
2275
5732
13345
1469
19190
6161
18584
11733
2062
12663
9197
11134
15201
17490
13326
16382
10039
10997
13183
12371
16718
2214
14806
3149
19094
1919
2655
911
726
19823
825
18995
16230
7255
18328
17219
6386
270
6465
9217
11454
7613
9905
8095
18780
4387
2103
1000
16183
467
8949
8917
17804
8689
8035

