6141
57042171
23728068
66450934
61171296
36839083
73172649
28133462
29511111
69225621
38437248
99172965
42002881
77495629
58040954
27352793
13900207
4216138
72471245
6976396
69724218
86256488
1240879
31461115
8186570
58164327
808031
274888
27045136
5638250
19945629
34940985
56568957
37478520
68719917
59549366
95222984
23597822
94852568
32623183
95252843
71804747
73560938
22299187
61977127
55450899
99650869
6539578
33975676
945133
25001100
90694493
3276338
99139030
13739337
33575480
37859795
77510315
79526729
70912655
70093359
53438898
56726762
19969990
14035926
80128786
27096724
97507687
22413729
94487638
69793325
61648544
72172330
37614
98860451
77255106
89961551
14955438
55289190
52235716
6196659
70419021
23014635
45107134
1273917
79771367
32001578
69842542
54595735
79216508
16230176
71812278
1680816
38873967
69261902
6140955
35046970
3471367
12988729
76960840
56350765
61482226
47737064
58052746
56874050
90946237
73497193
58157649
58139769
65432157
72081741
57282741
24420244
47010729
75507751
83005935
19411354
8603613
47856912
77938395
23475284
94941209
90875942
65501565
74918355
18486240
73153289
54640761
34484712
57675417
25060956
5369497
94913963
52413713
41571402
54279243
87882485
92050680
45872382
96043809
40484326
58158432
7750698
72602191
98296415
1914945
1974401
32746032
76528521
8005879
68993085
11135425
51368268
93230018
20439962
51428389
5996761
6964037
20792153
11158303
37860897
8670216
3734590
79532443
51710555
5513974
74845842
19429414
61769346
92922079
27565474
6288752
69211604
76266231
9389118
17228241
21747797
69406293
32570426
59504322
28418122
58526581
61079537
54495072
29580990
53257655
58588861
13411564
21801473
60981214
27780736
36913230
60058148
85497746
73932830
33135757
3460478
22160350
34189824
85913944
64444457
93596850
14526867
46154880
44585094
44807522
34751943
68275068
30649781
46970406
39338897
12894180
93952798
56244888
5414762
35129846
38790635
69762361
22233037
3415316
38523275
21451500
46477501
29979716
52911921
27730809
49851452
10429103
11156306
40748555
43152853
96641571
71417899
78613426
92045075
57210001
98722873
46947042
30997768
66166158
66408639
16463859
78726599
84383446
81408836
34225567
20282858
90650309
70270737
74533511
38879244
31451101
35498423
66208686
39968336
72868419
4915592
38185980
82606297
71323969
25227033
62688700
40815184
84022981
42341319
557342
8619617
70523873
79437614
33929398
55848766
66724681
91125171
1532156
70227482
76036313
57076988
62224074
13240495
21812492
4764018
35985633
51696058
70741381
2725062
14941028
39451769
16202634
67970153
56468827
33844020
60102788
33021715
52503601
50791857
43417729
44605
70094134
49539005
27664306
71396518
88919327
56365226
10308589
72496594
36515457
70288332
53127979
29299078
20788825
23764476
66259723
59703886
33358983
14415637
10072142
93215735
45547854
81722745
16202073
56925461
37846742
81036941
36677047
11227518
11701675
33421368
54687380
83085005
87424059
63237224
59733826
96121312
10677851
16593037
74064824
93816411
66415811
24694044
65271822
90656803
32322701
85636878
24813571
63382243
61424570
17624671
96440439
23292298
25201069
45463439
23490033
97260491
69474478
38315300
45329178
20935324
78482024
64736805
39580736
88001464
15729004
8810145
34492884
38246429
61144236
57432614
77060332
1589134
51700480
89825867
3902913
23168274
29792165
64625447
61277234
59490675
25615289
67637207
92406848
46032832
58025408
19985147
46769809
30181579
6553890
4311353
46003437
12508588
54385834
31400377
51602883
27060284
2627337
34691752
56785829
45584539
12821329
36540598
70216648
52915627
63662458
11534231
71085445
45673363
30534625
68286853
23988698
28804669
94411204
28814525
44870122
51304407
37483719
10162686
57988473
54876758
88788850
19544589
82949489
73296366
77677744
56928819
12502623
23156891
37559122
99912381
94438647
76544668
1357450
1075579
20084364
67878387
36576369
46167618
32094617
40190182
20131201
62323307
3107643
36306817
25859867
54921553
68907188
44832529
15086082
52889302
92074729
12552362
18897630
35032543
16078821
80018595
49767867
54176980
54690644
62201109
68175496
79229729
78488329
52583007
99255448
35017911
56294008
29901989
15345955
87027339
36511037
99333196
42111942
80615190
99324563
62608767
35859455
15352276
85224158
90258861
10651826
26748869
47102754
54945545
62809511
86327535
15899273
93700617
35244554
46759898
94719200
67088360
83949289
57932306
50502683
10948644
68487354
59268009
45494477
85425409
86926034
69334707
75835313
5153284
3283439
88799176
24090148
25373304
56166575
11322501
56348840
40694252
28207382
47343627
58132322
44455346
23275532
3221630
89904285
91029602
9259741
47499655
91289925
76310358
32466103
31970515
15326061
20646956
81523248
57806225
64767178
91516743
96154813
60034552
52098869
76457550
25983036
68304832
78160429
5244843
55294059
59775396
8052818
12329485
8764782
40904934
97012203
59077094
39868493
21267146
34761570
33063662
62659956
53720346
13536962
86504350
3264306
12923809
67009856
18795958
74044218
51467440
6986415
68389560
77405221
68122780
4351498
95264106
90726381
37252414
25436910
67205976
64932979
40635761
24056605
84566351
56350459
49096600
72445693
87435236
41663147
17739797
57964566
70264555
44338959
4502227
67580056
9838336
43863960
22967997
10365651
691970
18520344
50522949
49266364
25595538
28130120
13093342
60850031
54220185
93658179
50780546
40417448
44483007
53563400
70879533
3873608
47337461
38267387
24506464
35088854
7590636
68297828
54351775
56312059
16173979
18917871
23427571
22586117
69174973
43770667
73682536
86961254
51034960
3181835
23324048
58190386
30864663
56345960
25134847
34418852
61602074
41453949
27042253
13294489
75865889
26650985
4173335
36322579
53720892
84734640
30122110
67386808
81942334
22523578
34800806
37166417
94962749
13999443
97125816
37224011
50555156
50635562
87276001
54091833
17539297
48015186
6367441
37163600
93748615
59571140
76224829
53347562
9925933
30291163
47467102
92242179
94548157
26515926
4976751
41978559
19940198
63055193
44560178
41221090
88452890
70204141
20733548
97326422
93979921
41688443
75404644
28111529
3066949
27640533
22778728
27132557
58646771
14926894
68004425
78994774
34526496
45854876
22875610
56587647
55017234
66878109
30208117
41293094
65479635
37267343
5763701
9824139
99138994
51095607
57230269
44102292
15779521
14123323
63265840
70445388
89912664
29620392
44795191
53852000
12685712
74920301
28657470
89604001
22170057
28968925
44797239
34572677
36426276
12617265
58322965
72527013
42039562
21134084
30371154
61039424
43210403
48741845
70895466
12917943
81249888
42220424
46749022
21588239
41983090
93886694
76658994
805746
70077264
16223768
28978031
57419694
2241333
29431344
16491682
30557621
92678048
73240481
57482459
23062555
19661522
94231234
17722671
13891739
26687315
52250958
66142006
89288339
97690222
45081319
80427917
87627907
45609136
14328974
2394965
8771474
3138925
38569005
85705139
48351753
58611771
2810381
67000654
97385173
57741941
65050208
82231764
7354121
18048953
46535353
63946101
21513050
67624043
61858703
68117862
8971426
27800368
77631678
92593760
26763102
30887283
68573189
24947742
33434672
82182115
60851336
76690403
77369693
29791475
87710288
4665585
57333071
42832473
1452231
56121619
16722708
54566543
44958781
63682580
87786718
30368085
10792805
84924742
70314881
74170925
49807064
18438908
23041273
53687774
82759057
27977744
11041505
86591474
24683119
84510814
86575100
70305080
85945015
85106502
14959024
58081602
44159887
84656174
87661190
25717480
66141316
83068670
47777452
52432323
69324549
30569123
50408819
3706291
12191974
30787980
25323985
75243098
29303774
35696176
5714656
44447647
85036040
53592454
42977885
45447211
81891174
49703819
46562601
99976175
30490970
80165568
40904652
66004636
73781547
87389097
83618541
15808554
35175046
23842128
59683547
460114
75136762
94405312
15562760
96439828
39028602
96046986
640137
38472241
34721759
55078210
74652055
34647217
69879908
87689219
60150032
72568159
71888425
517095
23441399
24306249
24872112
51047824
16426223
42250561
5584483
90172835
5149380
16051038
57447180
65038663
58560739
84625275
36173659
29916075
35511005
56381366
37514596
90973053
25893864
47217395
63415582
96144499
79499614
43028055
54759140
59082950
89637692
74791373
63220472
27668401
16593828
59453316
36325884
50210039
39630684
64781935
26657911
7301467
22728780
13761220
49996886
3949605
39899651
27757694
15715432
43648164
30661427
68132571
43232737
36466598
41410353
47917534
23532760
88985346
11692406
99190222
72574665
38508559
42760480
43455925
87578387
11082538
88646002
58560994
42653307
93319988
93028688
96030568
18592936
37341713
43817412
59368093
88074405
6044458
83496316
15865499
87573090
36551915
53243721
53280706
55075122
90249798
3143841
23866164
12493390
79451183
20843806
48264536
45794897
54715422
46598141
33013592
60925883
41444497
12787616
37820066
63608175
6412423
27210764
13959019
68446004
20780293
65181292
13929767
83686199
42258068
11033996
24327699
15092359
94014145
49858399
96492971
34882712
99415708
98804858
69051444
38346689
23956026
24712598
45945395
28579006
52245812
12535826
87188724
67503151
72453669
25288302
50308613
50667799
57638704
24687569
7224504
31517277
82442103
20473732
54133412
90824270
25510821
28665205
12861476
98211353
85661541
72833461
19225559
28932946
47977449
10704123
93090590
98578288
68219236
72846623
37363618
43362639
59947408
41329567
34207691
23372207
47311401
25661469
85992009
97458867
46906479
9758686
53920655
47477858
10363048
54009933
41037140
21462313
5577628
79298678
4296720
47792216
75589912
89994892
6178437
72874144
56802667
26552164
89873459
27495580
68753132
56746487
52053730
96788549
22198642
96880868
17860380
60125819
93491674
23918571
24272048
7942275
63494277
91258484
16315441
45304196
8044247
99410438
51328117
3366921
95411641
21504976
37190679
63936898
33491480
58605091
5131509
91758275
83646308
28495861
42759090
96293251
71277074
52218208
61371957
85165278
94170906
79945761
92533032
46375124
54097530
72023834
55081338
49421000
12342449
40970193
46277085
12118274
11070788
79764975
72355401
48577325
92173117
98291137
81824119
9761753
97138343
94006458
784743
94942714
1826835
4409583
98186459
13053287
32237846
98278809
68561881
88779100
94017225
28200343
49564717
13712889
56668488
53796074
57788901
52212417
82762291
93920823
84880851
29412891
70460208
49854024
28257039
84729045
8847975
41936779
2979698
59208860
62546436
27268753
88303388
81254021
42873784
10182033
13190894
1486727
44903993
49508835
71237905
30163966
76843454
16109701
69599853
30750250
44373124
68617625
96036403
30972078
886859
74475493
31413076
10666514
26764762
59123794
58865671
76410433
68952951
47899757
71003719
75525643
15037039
52476137
78678354
60082340
80171156
59880219
8051500
69642787
44464058
18667133
72709146
89704453
87093561
33866283
70202919
2920103
44619886
79147369
75516579
16115663
8609338
65079323
26981790
58564644
4743810
88645708
35868529
72515249
11601069
69816232
24322358
32490343
29204009
48182017
19722315
56446872
45182950
35683789
66061780
15007100
97928409
7785127
18008118
63578031
53647994
29709770
5760156
72411569
74417479
32251289
86129269
74782309
32062783
90195738
97197043
38971027
92466024
35218550
25356430
63955558
34083657
55594874
59671168
67124974
64241521
82179609
43520583
79737759
11260398
25336040
33693478
19305169
87969238
82105249
62993059
84751166
47208898
67574433
93901578
97239431
87399758
16813673
54727145
37387695
60525722
58429729
56810387
54702238
41014476
6302992
51434653
25817759
23062924
58806309
89152612
5822434
42259847
85538674
24111236
2490619
36158444
58565803
41756514
6346338
60371442
17499051
52663716
96884977
70300240
48150768
15206067
45883753
26800835
5925914
50082880
18587373
99004044
41728368
57722812
71654789
64552175
98599515
75226846
96432028
54571957
1199336
35727650
59248259
48613035
99859786
46194244
12870124
40777505
1923670
62948041
10470767
71549036
5434374
42878326
59204104
93689700
35438583
34721750
97584791
20029158
36021483
72692665
74989663
10452563
1278535
88460464
92546952
87969552
45794197
73420178
29757598
88916484
88828164
11564282
27537167
58026013
82470883
5033158
57153712
35356108
58814762
54336154
2742073
67319684
47975409
52443995
15304132
46192190
77612022
59449524
73273426
10351608
80224540
38845588
47573830
47360817
35285478
891566
83308008
99236975
92169472
33298168
11608291
75969722
90958007
39525164
47645640
29496350
48616060
11455051
70924169
88180013
69531493
36167189
91373311
77839226
57881004
63411601
24442468
45993503
64863534
80662924
52222681
98885688
1095661
27877906
40431841
51523686
26128782
9833206
20365284
1953869
71444188
5355344
95877805
28586518
13544771
5618425
45999341
85265389
29365078
87112721
79298998
35811460
90060873
65509242
73719041
48859791
63473528
68330075
30280232
748614
97949150
78973597
2945388
55090918
98115486
29754993
46993776
49139760
71980926
40797128
69713596
31607016
6544231
76809690
94605372
70316376
52144615
58997664
7005630
10654411
18867631
16607834
65410167
99150866
34371605
14993930
84152191
63053570
3737235
49283062
65751120
76126963
62028614
45687850
57067083
6408515
55070064
23813107
45126196
29422033
34061559
8731493
34038449
65570434
78737635
71963094
9266638
61530560
12811748
59314529
83282812
80322806
95644361
21429349
54244109
35822101
32192522
15529475
93867449
39980051
80801855
25077668
774429
53427046
10341543
61515632
56940727
96072589
23890850
73759447
2066539
71183752
84252215
91598860
79269121
91781723
84757647
30517125
4449957
4520334
64778616
81948029
85594725
27141040
27488483
12600946
81514679
66823888
23783271
13554856
37139440
36020482
86069691
77797539
68316622
50900192
80596800
44021425
60450031
25298950
14654837
85188446
48099415
63637909
57514368
25572861
8123886
87582129
31999404
50482726
55274496
59689731
40357605
12873523
14010555
25768504
45469758
85287874
19724725
28521856
38872683
66105398
11453795
70799888
69186888
26217014
38264227
49910432
47226705
21333292
36140595
63416045
26809895
21807302
24204087
59241272
99471377
41165177
60273847
14716614
17294456
71627001
52619551
50489950
82490218
48761027
5519550
35301070
17479704
50415508
78198855
63172966
43945817
45911022
24925267
26859388
95330341
99870618
43616476
68643558
74165530
63499297
63187139
37996163
96691194
89275985
60763468
99788722
97601066
74483903
64728221
24333785
48005173
91960895
45313347
89939679
49747015
28036717
60223660
4139955
21973427
3280168
8345518
33368259
89989742
83814417
48715774
23856774
92920722
70180113
54227130
35881714
62169307
72487632
10135264
65884166
23713837
51268927
98691284
85220674
23817740
77331727
61092575
4338474
47188514
51153207
24267946
27715527
11360445
47337842
15144903
17639206
79326030
81098174
93231144
7622870
22264044
26254558
43390886
70591342
876751
66614489
76837244
96199941
22688725
92022650
34901449
27135928
17922048
60864206
42112273
31106600
60500982
17074857
52150717
32104698
69756031
47280417
64602518
50512469
47192075
18865168
44028750
98007399
41832746
52776599
31616759
96044256
65464850
30299542
80145290
34204533
95069980
60529973
81366114
4573022
82672455
2847070
79740350
86047192
78829236
60543552
10714690
42354085
58405160
66741453
3799159
95635591
64990093
93884221
30905414
55556297
52634225
65514121
36479105
30500278
29835909
55564529
85474395
93340191
38659104
42453879
67060970
97270233
66968250
55170146
27005612
5477693
79763825
96201660
50117631
48964775
68930439
3385044
29815976
55725303
26168034
67472316
45014349
45948691
14060427
67586251
98328571
8349283
86290223
99485469
66306977
63650131
21856161
84758286
27306898
35941845
18960982
19720131
1558023
5638877
92377576
21956770
83609499
27827171
14817172
26538196
40771533
6475364
61415355
53128650
45428098
49967968
35671141
44746421
63016576
71145437
13700281
3251980
31460340
6018916
38650758
43674634
44210668
9003647
12043198
51152174
66504414
92298817
46728437
8570041
18042144
15691710
36573158
90358835
31726190
89708942
51635694
11355623
57200487
12376654
18910096
15368802
9126671
40651552
21908719
39802872
39200335
95952422
71403095
3793983
57969009
35325706
94479029
57798802
22841252
36187513
78884890
50140815
28086142
98809507
77850172
66104474
87642485
73246398
1651957
5474392
93725797
98843520
38557377
31396660
67917325
57189800
88280644
53845469
14374546
53876341
82987714
78022342
60753146
60954669
83902118
4012196
63701170
46011799
23073020
43429620
86638857
83104898
16498167
92584051
21474994
23890748
52651371
12504228
44699206
8458779
26532691
23096142
76349376
20867576
39352653
77934843
4514815
47327151
32153113
74054778
39005512
31502753
53935134
48127581
9233345
90911538
84850661
6884732
2550519
24673867
4195995
34124400
62029145
45607896
29629075
36377
45431995
4006475
74569923
57386521
60406996
67080983
13377858
88354903
49417920
63370551
81199568
31614588
9411454
73309861
49975374
66093177
76515187
99663843
80308801
28146687
45439205
117109
18531156
73436934
86556289
21152356
33338579
5196615
59612118
35374269
59910961
57066689
35572696
7573520
10123650
94673976
95331422
58076146
53622529
56977841
19738019
92021883
75417740
83742200
14167241
15193801
51758883
56747802
57155410
73961851
49619309
6671339
50994597
13429046
44855091
54130562
17194127
48334884
42813155
16396216
5878975
772464
64638990
11585964
64498249
71055819
36459498
7692865
94474532
22163690
96847313
21546655
9647020
40767494
22730432
41253038
61102368
37340251
63242457
88434846
69487397
80595369
7490017
9213282
65406785
45010358
34428611
36281904
85245025
3480010
75561227
16778499
37687892
74672945
85380972
95646745
94082382
89030077
72709946
16656757
18369126
20855873
8294641
90403166
73402392
75211287
87137452
69195230
8198851
19772315
94437551
88072516
96312108
61293742
15140573
76978851
65266938
19718708
94581315
70254416
39668280
99442582
90218891
92417128
55271894
57993281
53141130
9578056
96795175
45542181
69730995
4859155
11918949
94904886
16319649
56096304
59599657
76750063
43071121
48245960
23936755
79334858
71115749
98109772
78608808
68513737
18194338
35381486
42696974
51848176
22111987
43495459
71212114
86095817
3403940
92367399
69263748
83538399
9618344
59272569
34674197
87717955
94106003
18804571
9529695
79400970
59906593
676947
48787229
37344204
54465709
95904173
87490799
69858343
76997563
45366519
20469464
65341242
77903727
99402115
74222527
18674475
50706707
32561128
55159537
23745441
43413
76379265
6056350
99775051
59525894
45026541
27607639
46988631
75498268
89302925
34879638
67743739
14861489
42984970
37044278
64517616
95819074
66654412
93631991
34413042
64079985
46033539
62775036
56651074
92342916
94519714
25674573
55684388
24615140
98575071
29775189
88490080
96787870
19766197
2638948
92024517
96947941
25216227
90051118
22996386
80491149
62760426
69727050
16248907
72684946
38780306
31144628
76554394
31032720
4221029
47858763
74247531
16181832
53319986
62264916
5561887
44022561
61875084
26160630
40284699
3748772
91999049
22661820
66893638
52240639
82343684
6564374
8688013
52954244
95137947
68314840
21012578
86231591
48859825
37881273
97025081
9248515
33193772
909269
2269451
60895445
10604985
18585644
32563155
85234559
83351108
33496353
90690323
57307783
787328
88962556
86671184
58680981
26341989
72247912
82571153
9375993
13134252
33629173
35185124
42887203
91975253
71723415
40646618
59270185
15200034
21035045
40228102
15987268
55727129
79370203
59815809
23050579
55788806
37602009
63059305
28798806
89204983
33175970
1380445
67192821
78524350
16896926
19668739
96806903
99549299
53652632
22086531
440779
98211567
31418944
93593353
97783810
37217105
51652522
87071559
29270227
71365501
42997709
91610096
16223638
77703832
36381189
56881214
91930441
94224270
73420690
82613613
25096974
87170701
2217495
16347198
45493675
68212615
28343836
53505909
14892552
51486387
57656972
61472859
94732981
86630924
36890167
69332285
11728226
63014352
17394001
59995114
36524133
37602563
11785714
7585081
54007351
28691178
31232404
85360513
57825783
90992272
31376280
45023776
31656934
30293573
44712896
98578165
1011945
37185561
47312566
13105893
20333066
32516709
33285764
34974297
24532215
64334915
76402971
84544958
36950146
69728785
41581773
90881284
84502559
71012083
98659282
7712544
52595305
53787213
81261254
326795
68910750
79155277
53854505
67167424
410142
82313567
27866846
26755522
58079983
10987702
92183213
12598931
36218172
77505738
97512641
44751038
59103698
28059093
60688427
50745294
20181154
89380181
59765853
26823124
39723330
44258445
64118447
955622
29779051
82526467
19434205
19998618
15312252
23892483
25030023
76518543
41433590
75050523
55804080
90190565
25466622
78243486
39481408
3133632
43684831
89366049
73038722
51239881
4468869
42389504
89881255
90240172
13618178
69879514
70772801
25575579
31849741
61893393
53132488
54226377
35106430
86199627
68186904
25740016
45368275
5782772
60866545
42471116
54207919
46019002
95729270
67598238
1213269
90722831
55038127
46454954
13208113
55381162
77001479
4215738
29860176
77803527
27196111
88318104
11378147
95795682
10316473
34264471
75014336
22937792
26299741
76553483
60110817
94373990
7969464
9511372
49172962
16132447
93087912
66306488
1260935
715131
77959793
48224302
20379701
63275595
15444539
46096787
31055988
73562022
58196369
90373585
67590003
46436391
46476771
93380307
91916164
15006892
50801413
36837386
25040283
58136024
54782127
87463659
80598228
52180370
34893819
78869359
1256938
35684229
90239722
17385873
3298752
29202590
43474911
84558292
28523740
47770001
12822562
63869627
15187175
83642964
81310047
59422798
13148975
97474465
10970660
64555420
75738405
59500152
54232422
54227507
95994591
13992604
72952573
43272618
61778327
15345937
55733795
99581719
65521706
8162468
57689337
96957849
75365530
84592227
96333826
65878736
13188748
32732193
49857702
50791008
99254986
36118516
73945265
97992818
20074947
90602166
68197841
76470067
41267206
29735559
93046811
70415186
17606091
47608393
25714823
89896326
5780842
2710562
40375919
79139590
90272482
35502590
90273300
48190992
38167379
83009291
30032153
97125986
19932548
69997627
66319366
21187780
6349150
92046790
21915847
29665916
36374895
1231269
7794986
61994712
56361320
31507480
29249381
6202536
56392607
79131424
73667213
83683265
51557262
96325126
21753888
35827067
91828818
87752658
67166332
98559284
6748461
77597397
22469221
15062219
10040324
74416160
64827523
99786534
17573858
1824010
5471969
67329708
15586675
89046190
3474800
95821516
25799562
65144939
82793858
45668212
89533852
18146146
14262608
70418330
27462722
88804091
96045172
98459063
18495930
93073505
9364847
17456711
1847655
58321921
66976804
24660554
29102669
71532303
11376987
946886
29793430
79057409
84070976
34468163
79459088
3167762
92324834
36948045
43764396
89056960
68070324
9614326
9805824
58640718
55550222
80257361
46223302
88390979
69958061
11479544
7917147
69062378
96076335
6099080
12283713
4519120
41487000
88974111
38339230
76261448
8620496
49395428
50304698
74143210
37963043
44001664
34013573
29571344
74348736
33906589
14936334
98474328
5130810
82053998
20679181
10166821
68724746
59050791
62419547
87700253
87153674
3768960
87139444
70072748
95846395
7720503
11148028
6154368
13171713
86652299
35889719
40307980
96327458
85717185
75971983
48172293
79187402
19512483
22257170
17410536
12859466
72018428
80948721
30613362
82172756
83854877
62413570
66679845
14417281
63147099
62519359
42459082
33114827
45963918
93740613
39960042
40300564
75987604
8615894
42596691
12413853
33264588
30457432
78554521
3408783
8446108
40448596
51573651
82928758
47531756
2793207
26402522
55409856
99684776
99096724
6963022
45375299
25288258
64705056
11538832
37498804
64589357
27394228
97863816
25178929
66977635
2316815
6852321
71759032
27810784
30327825
3811464
6385326
54976804
93989442
16578353
95793753
31777973
14209609
97856211
40000869
4190875
18464885
5602599
65280099
76001507
84722743
59706924
56743237
930845
67846053
64891813
72342244
67340765
43544825
35867033
22603387
11221310
2962193
14572243
48171049
90696794
38877165
42844000
72952690
67423955
87639859
69262100
23684287
33152333
4781230
37580037
51846617
49795569
28006603
67277069
68797554
49369836
68831002
89108556
15037597
94762990
1532627
10097829
42625872
43346092
12969807
22857788
69016553
33800798
43949195
17538815
11758502
7781442
54937256
75950618
5546028
22898967
83290221
88310144
5558785
74248611
8831172
31704937
30472466
34219053
48003385
34354126
50402349
78885635
45571198
27318767
29550216
27685110
6024426
93628622
30173497
75408601
53460725
93272242
23708603
26676486
89179325
7025573
94245232
32829656
67294084
56209398
82031897
37069618
15967536
36187063
17877343
6149879
33820106
30692671
3645006
17767055
63349503
92710826
36520149
65532009
93431202
22150228
72915015
9935731
84792104
46294114
32503517
30440356
88405547
13597753
56467762
71179635
39408615
90000645
37918661
56428125
49202880
99876660
22164091
62294371
57455034
43339000
278298
16859273
2772224
74375880
83370703
2763608
90695518
65242591
90332841
15822941
6593478
58204604
33296667
62349736
4353487
14500512
83792254
17404493
35431985
65754131
47842445
11786983
58571338
31413856
74404327
58632720
63191452
59997716
51194513
61659114
42779725
19714179
81770865
10008985
96857254
60667203
23576020
49579975
62452117
64215727
59458793
4483359
63480363
83327333
56907075
42714834
68146462
7897800
55365467
55860501
44186183
94904959
20202764
51022496
94874405
12040693
72280597
56353841
56191321
26570711
15135131
40136967
96372264
95791512
2026148
20987496
12841213
76882928
36332957
81765660
74044388
12460121
7145429
43092719
84499727
29603729
5652735
71865906
42721621
94117659
81530548
2189627
6168750
56744638
80289775
85912033
38543032
49412868
63238544
77032704
90795830
52640956
91819737
60682747
645003
7711864
89987828
27234357
58152003
26001168
23051626
12208279
31493771
22209309
33461933
1310478
21881268
97395583
25843856
60074249
57775028
82810072
59674826
2209535
23411109
43953166
97957239
19045095
64042308
24142029
15725462
63805118
66420083
80755715
22260364
28302341
53704887
33503330
85359775
16654400
29621178
42756322
48320380
90682745
77872843
90067772
49172146
17007034
69840217
18788207
5612341
28141974
27275388
94155839
97945820
12268705
8704876
64774065
6204387
94832884
35273736
1341841
9014377
70468778
19399248
63993068
36708851
5983333
90546155
88081302
64569319
14138058
60803746
77610150
13582098
77560320
71621091
54559989
6861603
12325429
33024319
15336098
91235630
60147738
80984300
85190288
67472682
51992162
90339652
38079974
74917747
68381254
26735172
87882127
37876296
87643140
49181197
65994680
2402638
46215260
9308519
23150165
46127627
60172050
22305849
70460828
30876012
48874094
82069267
12224904
91035968
46328767
5616036
24222807
18394811
50635475
85452356
28676108
28853748
30244737
7299691
93307118
10838375
57908768
76102712
1327367
33936756
69060365
39519211
92420518
23531997
64567592
18728043
1174494
80203852
5839447
21489857
19122692
27870411
65093635
41529755
49103413
1731658
93741974
66103242
40679118
12076317
9942019
44051908
55390450
53316475
14069566
87940131
75684615
10078208
44746687
10390564
69871161
39515947
84147203
42443049
6977782
67137761
13398795
16911672
84081
58952681
12885212
55187321
37235743
69186414
75895549
66620348
40541756
28487040
13660924
82410224
23146823
81703058
58771177
97108141
85546882
48910078
12397017
71245227
67132275
5636477
20855397
40983881
11012454
86239407
34119464
94255111
88969961
37475737
8311109
38820876
8601678
58866978
32359646
57084322
48938028
29910421
94200222
16042676
46289886
18953250
28228656
85475671
71922179
26036060
81267141
74317118
55020796
13087421
44721043
59311940
60330097
41108766
67566161
21155046
5461197
42718271
35887547
41788614
54686141
1652293
1728532
56369962
4657077
45876023
78556831
97623162
94094955
48405376
17298981
58898118
15370330
36246640
75282802
43223869
92832320
54531003
98232024
15938487
5185697
80155896
67521195
91058989
37197890
49527075
3097539
36063803
70749102
14352668
69441789
47767973
57171636
63759397
56704186
30778575
50714855
48923496
76236126
84264515
70619165
52339567
84370386
27564591
33889520
54309290
24548355
60335332
86239041
92141549
93711713
51668313
71949744
21375727
26516833
68681638
16739364
27036109
82555387
86433417
61327945
69655428
51659820
11509988
86391821
91067258
78145654
7604540
24803107
81520630
65982555
13807164
92019585
80043171
18832870
65016369
50902753
36355857
13797410
4799883
84293187
48290612
88475552
48089954
75460969
97246947
51896565
83582191
54550617
80344154
24092730
62489102
68405727
40317625
10048394
69382595
21748489
87635075
55364232
21874866
15447977
72545568
46297303
93646245
8823511
32926299
7479711
3565834
26127212
82422756
65271311
7556211
34676359
21771983
66569429
56059412
72820236
26480659
15769000
85341256
22151712
5530381
9073599
38663180
98983343
94852090
61517911
94608259
53141479
20700288
14558512
98020208
74550458
87993126
57765392
46805951
8314463
49319127
73729343
38670845
8683729
3339363
38000394
83979482
22186830
21975806
48860993
94643630
10466522
95933376
74449849
65459442
22655162
83143203
29491146
26340803
18141689
38691720
86058705
49682018
33648870
20580274
97523375
44678327
90636692
4257864
98920776
54456009
14597721
30664536
56727558
50127431
10805840
99142095
80451412
91299330
68280791
73921282
19396131
67313265
19209746
50508840
21273192
99808300
1322853
9294557
66643867
78892657
32685054
40382113
74323002
7826338
79559753
28254295
30424644
33730757
41833081
87301831
10184639
13362435
67636998
41485340
53798450
33491754
29065258
33111143
4171051
71247402
83850851
13289498
25202363
88102555
71812596
50838157
65136629
53597494
40009059
17016444
38750323
7671128
34018044
31614343
6235601
5376387
43952205
47748785
28897327
204508
16665768
66134242
42771123
57211309
65246629
56966245
77829637
94719716
75761053
79024747
5142481
80955027
64226096
86390662
24001865
12900206
51568576
68116014
25599649
28891217
31492083
49838911
27174545
13432247
76526901
54675833
98805206
41747267
43017012
46366719
45201585
68431931
66970210
54135257
58359654
30252296
21001078
41662835
52370622
29334712
14059
195867
68621446
35895676
20266368
81258374
36793358
82064170
26174903
10358859
59076266
90964667
83884374
67084903
97553205
33753806
3968744
67417528
53182089
79532324
29897789
54425474
95070728
20923682
81370854
80281325
8033303
92462419
11653050
97050756
63952541
17198307
61475924
70468279
69398408
66975268
73526162
44268379
73684296
98966797
5183255
75052325
11318611
15623862
89898698
38608178
57541279
69522910
44569942
85966978
38825771
65630309
20687016
12838776
30830454
55753938
37928564
10534492
6020614
14349518
71936944
61394650
14997731
79960998
35558422
26798464
66438169
42183630
82381734
11003459
29382458
3933273
35098146
70245627
12515289
68078465
5229457
71182562
25291792
84542757
15829437
68207897
9435643
62634566
42401205
25764131
15533882
7982474
98911308
47613032
3437427
29501369
78605464
36137396
13295566
97484354
81978739
95513781
8273016
66168503
20936701
6548352
14028065
52917837
72987672
19682573
34709374
50490973
75073002
60821686
55976135
79667685
98457183
56394940
55696697
43767560
11100069
86631619
54186901
75617930
42445486
4831569
88221343
82298709
45233074
85867346
61202848
65193462
49857706
87378070
53966053
33145121
47501782
14067794
22394430
59889193
12774455
31412379
8056704
1780105
55058198
14397679
41456388
66217310
9952123
8542892
31275557
71491562
6250935
73275030
9744326
67494674
57155547
37588565
11553737
32587489
69666878
85736436
92767129
89208067
98945275
2526052
51852961
21568587
83664241
84773623
64556242
80867117
90301121
76596966
78342178
24042821
90479699
1698763
89387527
44980430
4766034
40615463
79439104
19094572
17753643
79124446
87179277
81654115
94745874
85424054
87597617
50941085
65546877
300251
10345207
64953255
4554919
77848670
87386091
99330421
40349454
1863345
35254044
3529370
73297653
89642029
2012577
8746961
10675427
55756940
91729937
79858551
74237986
84270959
27563017
22878990
98719042
8370137
23352234
53156027
70197395
51121843
14985240
44754633
83269294
31001670
74275580
72290596
52694765
39804356
82708483
23660255
12788206
64065215
44660829
10186671
97541140
67934896
24754494
31796845
60874501
72684145
29749345
71640472
98979629
34345923
92623232
82259920
65337914
75634890
49363421
80041820
8956319
578444
34137789
37085094
36375825
16138101
34398695
32903353
66227469
99058646
75625001
9998794
11905871
33384033
13677011
14840492
30794332
19557551
3113018
32111194
96738554
32963259
95471671
57936753
22846387
96240484
54577318
59830707
97012053
63817966
2040551
44822150
52163444
10286721
96269408
9036658
22910183
30927017
77343992
394919
31161159
29455317
35860638
89251957
59224179
55966168
26250176
47121361
82543375
41962859
56582100
11786967
63496704
32738984
96453587
13278019
47642610
38467472
4077497
2522870
31157714
87607687
60098567
71894903
99105108
72401363
62993985
57440879
82541167
92374817
26595440
22706732
96518363
20499967
74929312
29409568
39443098
20074595
3313507
47419999
46809196
69490978
94026573
36066596
90552409
78752378
98462838
27823948
43547436
66492553
94888699
72864217
99660274
77288660
12750461
96221553
90954879
63480769
11685536
15951069
39537897
23182621
95040654
53376650
48372746
46101910
15072369
35152139
73986050
45630274
2556412
45301397
59434420
47078422
82555107
33305218
23102020
93340784
8990559
49814222
38656159
48894094
43823019
44077213
66194163
73905685
38809481
89650867
53158963
49290379
4121790
28784122
81249429
40487901
32520082
14219008
9586963
43152090
67869265
629367
73909485
20896181
71104716
54898099
88116261
35257991
30999768
16163375
43065346
30794442
20062670
43150345
50533262
90941152
31001866
78722433
10128407
7776138
53714028
87177085
74407346
32679538
43803866
55949832
58039219
93086113
25663164
84997071
92329015
11785225
55495806
4329123
34378650
18309629
19196946
58356986
16148225
5322675
32727403
86836333
16929745
39708873
86719491
34879291
33597750
13859517
46979158
76280517
21428382
46137460
57437285
86972688
58920763
79511988
92575028
67988806
57223556
45631146
71695692
87361333
19494324
15248741
63306042
40401103
66351690
73617240
15249934
43486888
89969287
91514332
96635613
10468219
79098611
74374316
53470527
36353446
31639513
70401895
45585361
20504745
53172166
93048850
18032308
97675435
69163790
66280595
75227405
98456053
29264199
25758519
36054403
75013492
77058252
74902829
39668420
13591355
65059387
59223560
95694848
66176511
92938487
65060417
15992940
89188762
22251943
57062579
1647041
22103433
99143094
81728541
69825210
63392110
47874257
89391268
35406746
91199630
30582635
85172814
58505891
91732307
87735612
19314824
89739680
69571275
14108862
6445729
17453404
65533224
41492655
37100621
28915753
40525630
19011218
60301091
73438810
88207625
2051374
94613022
96918473
8579876
27316493
53239584
21078354
14954066
32354558
91936874
25162837
55023097
10576275
12681510
14719032
33921698
56808612
80226526
71930083
77154427
90428874
83753986
97611331
27198165
43365861
79784037
51409352
22422950
51513751
74623680
14790886
83396360
37533382
83137582
46874263
17731511
96836894
898734
68640472
48413079
96512909
15275685
65917223
8543789
8431045
40895833
84386316
43081249
23766717
46725495
6109581
93220802
7589937
43784078
39205304
92768642
29088029
22889362
57817885
52193654
36885062
16175706
70237777
39964631
10519473
3086370
43540332
39718019
25334314
8978953
40116619
26329725
19816638
89757844
47046736
39173992
39029569
46374185
18623581
52864272
39104457
94094741
78940381
71341026
72858417
60412551
38152955
40732527
20213656
65275923
32088936
33275629
32193247
82377264
85531609
59976630
66271534
50571322
41891463
75328199
67129456
19669360
52286126
48119106
18358226
82620791
20942606
92635372
54141768
68754902
5368429
86327728
16363528
13148024
40262931
59456538
87805964
96886829
58582860
38915805
1377173
16202792
21348330
5928526
83975587
7568514
17086400
8740326
34160254
58657206
12760872
35947203
13594160
64693796
85237630
23890984
45346824
24214671
76883363
30049273
68650264
37047198
69478523
24608576
79681976
52746334
76608367
37428907
38440706
53276094
70154476
92130059
20358484
853010
83318241
99848406
49169105
36653201
10752581
35705254
33189343
70906839
58639759
22298296
71631018
60114275
3266877
79351406
90682272
29195034
93616718
23362765
8066803
17082051
25149639
90731008
16441627
3703433
37817137
74457811
95108945
66602364
58156313
94492217
61857557
2260240
65190032
81618631
21827497
3971484
49071273
58728502
45278611
72868572
50295805
24639461
32513567
90072687
12753450
24479060
33700827
27977562
60355663
7504554
87306777
85417860
23563154
39606576
3296880
15011384
10551450
2855636
22593339
36902054
23571477
50715559
47396121
71734626
24653108
54578784
37760619
33234403
99183914
53648855
89333465
55556101
16543921
64853898
50693582
96889223
77960325
58820123
64400631
87734158
29556966
54388943
31816392
34242081
78849306
20550417
1305847
3676587
18328041
91822061
17400063
74939004
72946720
28757142
61543070
92473672
82575118
59086817
17149272
32556710
96246282
85610439
47339250
30841490
75569899
59392231
43670007
85931244
5201550
18611457
35859766
38782199
16855636
98977404
82834754
13691098
15964065
40957666
60930289
18658338
227167
47509599
91828189
7106111
81006968
33297477
25918438
89463810
49161823
24871562
90836143
73067558
7235976
30517576
38201372
89771204
8770539
82817852
92152794
25777116
85096582
3333704
64301783
95908307
74610136
39409650
65840838
42276080
22812263
45077987
95679132
24479454
27347514
65277800
68773142
44101677
33073503
32260852
25156657
72095185
45379174
18352540
5292976
89107105
67374309
27321753
91356057
17893594
34266098
72741322
87415480
48052377
71410348
23031088
2837531
15622500
92131762
10614384
95651732
70133410
76735146
92855636
29788730
48906526
38802108
77537354
34144745
12253064
51289364
30360547
7004861
39161588
28883812
16807766
43780507
51902810
43704415
30603515
78257832
58771476
7227967
3693264
10168016
21335394
81020480
3376887
67657792
38936809
48102691
84505910
97877484
89548848
39477676
54863990
50575371
77655074
84365860
938820
37096598
48582288
47299543
95520851
56228556
53164
46834327
86755064
26545073
21987470
18832952
53121709
28310154
45436850
45841938
65767822
51716706
51059064
67691906
80739039
11873416
69975971
5576041
69787524
13626127
3175131
88446636
64690824
34660685
64651563
24442802
20343703
37345885
26965891
16988905
58713219
67927453
6080055
83178305
31599554
36945712
44363134
38577583
23198703
86742141
47743477
31406508
33528389
92640430
31994393
48302259
28307239
25417011
2104528
43233990
17115291
42183996
24392417
11546858
66651338
69459266
22066296
8840615
52468097
10238847
10552995
71936905
87829171
53158000
14116055
58848929
44215541
68905050
79529835
59352324
79851521
9215427
98690587
55914827
44618292
50569205
43316103
76616466
8576527
13948543
13221810
76613242
8934330
24626355
8500868
59894182
46915196
52818217
77469257
24123201
29558852
41783610
73285679
34352119
61323812
59634566
75438539
31502839
1684432
58232943
98747796
683896
25111587
14700955
68197479
74472753
99826331
53631094
53537025
69479391
68576728
14884270
70565257
58170563
17126177
12755893
95171587
21491745
23506655
50828354
42965214
46389186
47204895
28617424
52087655
89588595
73445140
19540766
99470419
48331396
70589587
72692141
10066234
45310026
97963158
85052998
62874134
57749661
62955706
71906929
20573640
80688731
97093825
33851391
78128531
77184483
2943248
69004417
87122847
47389850
56304433
61467854
72513399
9784426
11394899
9133697
73286284
86014782
55066309
6914680
58681776
19540359
54401663
21801558
10970779
12659130
26826905
39308034
78996330
34593232
8635345
33557543
86778906
27089348
41026570
60749746
29472786
59853593
64492487
71334487
50218391
51882577
89623732
71954699
78153045
16534647
91394078
80035211
73936348
8984726
21628022
80099796
41302817
13513792
45863890
25709225
35736057
59210760
50588780
6836753
49464993
96963848
74443041
29889238
57520185
62478940
62968307
48755719
28689989
74263717
10444423
34628727
60983850
59762055
9666984
59074363
61261495
785707
19482050
53489968
1623449
54481597
30359912
86941555
67352806
66748399
95930574
41647079
55589523
30749813
45087568
59126450
17941245
78709127
87393001
67771840
27634020
3767906
62334140
14027327
16693868
20256967
12778895
58173473
11606683
59031419
34425675
10110366
60201693
38603461
64891262
78651567
45787651
60244723
22960857
12074388
98639935
47562709
97344946
15955790
31096745
83657536
28180355
51773222
17391550
19273100
85226857
38544420
2487772
4655639
49266598
9708185
97576391
39726528
32682784
9400470
78514215
27031917
23778527
49200754
2641928
16650117
33675922
15204424
6596440
22322806
30336779
77052791
34023532
92518961
53610431
5736224
80903292
63718825
23025735
3846315
43993378
52536152
42344162
96625987
50627039
82019769
49406192
51989077
64833175
58805455
41972088
87464981
27701264
51733917
48266147
63727353
26912374
58376876
95068479
12302140
68457178
52164232
94121021
40220252
9151918
96161091
5019444
57460124
91931211
27446000
47480795
70941827
78164075
70360361
22679186
85806427
3775663
63367050
72797146
67722675
22490651
93030452
75673817
7380702
61787797
58060619
41640152
56569970
34423145
76769656
81414084
82178250
84020936
98334056
45416112
75680388
96560708
42534987
7460688
28162819
9051478
94267478
77318784
71997933
42339288
1691713
26987963
34279342
4155531
18124234
18920101
99325172
11593619
94891056
5669506
47110194
20543222
86367672
74310076
62594077
63471649
21505067
61912417
21437234
64018786
93571670
52015266
41776685
58058094
78733706
74968406
38123411
92895197
20597274
51589493
88967210
43194538
17166815
66721181
85801851
57232308
47539895
24077456
5719
62459455
53600257
93178803
69019727
59136627
61611043
53802129
32195899
15533532
53019909
68875862
42279860
34778089
12602003
18730069
86321817
40052589
36286782
37304195
96828046
14657057
52285820
98582522
40820600
50714655
45633348
95118454
94825731
84002409
20975251
87717083
59598620
42292832
47971305
83792301
24911991
90980941
71695564
76784022
5175306
28906204
21121860
45278692
67601552
80804507
14488158
13353736
67724808
4352384
14705322
34694937
98264883
82320737
72005308
57249359
83219737
71509625
31568046
97273992
52624516
63706089
39646109
46141382
31280260
28927541
67184423
38795183
29636841
18892739
67737076
76974603
53252300
31225184
38698538
49658698
9603079
54716346
47664119
40697852
59990968
49784039
19358987
70578519
25792962
93437405
72958747
3527092
61328204
1822455
30076767
26525714
39908160
64790647
46786581
72507282
31274189
15793662
89954556
30003449
61287910
8670229
37705945
24947249
42484929
60820648
3008502
25022920
64954456
40953734
97483934
94912111
95336683
85737698
49791650
37730941
25851260
82314453
64142040
55043434
4582226
74554074
59345302
68000596
74142839
18979920
96096059
29440893
38883897
7048699
79367591
92444107
55907757
89420932
59008957
54322503
70785831
19168244
53164776
77458334
72081859
92134973
12348820
54484387
21476320
10974386
11307440
39655627
55507872
20113801
38790963
35186352
84501865
33365600
74446740
74938255
9878631
68594102
78194000
16390089
17816584
43606381
87847528
24191334
17782654
74426702
19550944
35640973
78053184
44532613
12749633
28648205
53847945
19023905
77612823
13466071
23044311
61142421
3417460
90288514
34943598
41175610
53319532
61681862
4166867
37514443
93632407
58756609
64548946
71484135
99328915
43366326
47474040
82107795
57123711
34013960
35602585
92795061
44222336
76265027
35843147
12098458
68392512
58421332
70035433
21656945
89193578
76734284
47918865
35035597
57716783
45649377
21259302
16694567
79803588
10368749
61322703
30596186
98168033
20211692
92605558
70035750
23960388
83592066
44047051
37208493
39751212
19986163
61137470
10291448
73509855
73026218
10279304
38937715
69835557
35977395
69666851
10797933
58670538
85824065
54443469
42076826
21265695
46063400
87152137
7236241
48398970
46456675
59114654
45610062
80046769
23205008
11580182
95776176
32013219
25853295
60613696
65549564
98684848
17167719
56688046
3572568
5980220
59610625
99339832
47718737
3806512
19919722
91299447
39097942
34543224
98063349
64172619
7252538
51819142
21095575
89722966
57802678
4923342
19559018
42771838
78700773
20665416
15976235
2182767
17382087
14139633
43405244
87106583
81786558
12639562
97341858
26606120
38403860
55894743
6493320
42759065
55546227
93723809
26931642
5279526
17255274
75809205
54987179
14224331
13727471
96470179
84845679
49152589
2635736
5692416
47401793
94246833
10318433
38144228
15008767
29461443
13962665
76620909
72550313
76734864
16302389
97152058
95568358
33257964
43892844
594673
47393151
38547949
11281176
52540601
41874658
23840622
19048171
30935232
61407136
73669518
12779000
39264694
67009775
48767278
39253814
70331217
5823785
6154102
62898689
13880007
68509515
26544209
6547097
83851095
86379895
71849196
36301728
4679105
9888626
54638907
33354144
1792200
26527015
215412
79544707
3773623
81432098
96038033
34080537
85209817
85214742
53368019
87539093
1037568
34138455
82522426
1964304
7704576
60067425
86737166
16891653
13542192
40314447
58511961
74342868
15787759
47585637
99367786
72134720
98273821
49071494
79406163
35829744
10537630
30097342
51965036
61714161
86601435
77949114
81687247
9905202
60874305
57414219
1165274
36834311
65801920
89636840
86227888
61929127
11146573
85938729
2417847
68409262
70978400
5052492
79783707
85862812
63083126
29291699
49223242
38522451
82843792
37514851
59296886
17183389
41157811
76128391
33629463
22377892
71991654
26883563
56101734
9736824
69475383
45831554
75437539
96280205
54392630
88288
27613648
27263034
63296632
48680129
61406899
50450747
25665429
26559616
34182104
99023407
31985707
67800481
27009996
91974939
21409369
57663816
83033828
53973478
18477637
24564415
69346740
36753371
99090071
34256884
5289624
33677354
33254395
55245560
23931950
90961511
50790050
42574209
90038746
95386121
57423298
50388585
82576961
6677228
11418129
5657389
76027855
29853904
86922318
88850799
22693425
47311575
92751033
33883509
28514011
38256395
56692886
45880487
20207747
69363414
91478958
69367061
25822628
92490632
11208909
27322351
5090300
3911893
75894597
36259850
46134799
26863956
2489705
56306530
95429794
96313345
20229651
79858067
22983744
36303548
81592352
2486878
89384376
61107912
86114543
1168170
84492957
20365132
6886629
73762688
62932421
95327190
35787755
38268302
56192458
38762195
78096622
19291558
40434316
60281624
13719390
5743036
26744493
40440412
17957040
42239979
71387156
62954683
7140316
23823344
29403243
60692533
59164383
8156589
17048225
74244908
80149306
5173928
76384105
18679786
57094770
78784393
11029688
5589529
8016782
36385696
93069131
56932169
92947868
72720989
67147551
69395310
11357485
96381654
78372343
22906464
34046676
73464132
39885273
65858649
16659627
27647366
12850833
60871801
73370573
15936924
85021229
17138245
64199389
80763950
19135615
9693220
58367613
68275203
62444958
48945889
42311896
96097162
48587878
47168045
4196634
92454996
80428019
30046745
240114
59031703
58020906
45489568
22834455
52043182
72345904
48686363
77536959
65827988
27745521
52936139
41154089
51468396
83301530
4476243
64430613
52467196
90742815
33043770
24966471
39099436
30785463
16308333
40931592
34053260
45676891
72717244
97196965
46319564
65041226
51626073
53816814
60309314
85936519
89980764
40668855
43186791
71947098
44371521
34347355
49783130
91684555
68511080
89956148
51118940
64901674
92834452
22637860
28888658
53637514
17740653
55490831
51103046
92672833
82828798
38087262
35115494
70311530
33583415
94124670
65384452
42443363
85476204
56035168
29877780
71703631
80091093
7109366
22766513
83885205
22833420
42131132
32752408
58955871
2400402
36654380
88045484
72368924
23192138
91277897
8200816
85815039
3389435
90394645
22343056
82972542
13030099
36004635
15999961
97838035
66854111
80333798
17410108
23527038
14663572
75312008
8029519
35535809
50160713
4795412
82250187
16403747
17038523
92783140
52444687
47255022
33778823
87562835
24841372
32523185
25932212
59662020
99139735
75834302
19064870
80760986
12763723
78338989
82129708
68829566
35277220
87973591
46307571
4225564
7273652
3654108
38014736
48045734
98169650
34468382
71384314
53319247
71218422
9600835
70615182
20249297
57034110
63419063
57450122
7042793
8438124
61588008
41935634
53890517
73554182
75563528
4405294
88367581
92872885
92379406
54683209
86369735
35888775
63613621
8965811
51121249
76510125
93651644
91178016
95235066
93106941
88714916
51778344
9029353
81139057
24203574
69046213
63875334
36778661
46270714
78814424
48793644
27621725
86383297
1618084
42114749
18954750
99885339
35838033
90522910
70065680
22973666
58358890
1479990
76437954
36958894
81188960
43229427
82414694
15139678
72914437
74471109
43795696
81634453
15086609
91485217
14174588
408378
29734561
31348992
92336069
2712567
66450099
56016734
55647406
75648956
45893291
24242363
80932029
74278713
31808721
75262877
67366299
9921639
78970576
63968012
73640854
30904832
73642553
65871380
40362527
52654338
18872318
6752582
69237324
59665968
43165687
83424568
9210967
46426001
11904865
40790529
35189789
50341871
51949914
56218814
28817568
29979481
78853222
42002703
20705669
87335330
42584813
67346842
66010006
51234271
70477498
34205063
12293442
57652205
12785022
67513859
7583256
54073833
1587275
28510654
46644304
53586614
33435673
30533996
42152514
81129082
59185477
47404104
66030317
17253921
3925005
92502924
20256369
91823833
93993493
21692666
83931797
43439764
34030053
7294294
88955458
86711434
71144296
88257001
9144582
13805492
9281903
7187200
52033938
51516242
56740396
8096619
16309052
36126309
46429368
63002111
4434302
86470198
30801037
69277205
75050101
73562317
27742732
18601224
92589923
88034683
95373304
52492474
5571885
4892753
35153657
19995664
17372382
40458406
56221211
86429554
22764834
37889173
89460556
59616332
52136908
45245053
56768994
29490831
34120273
64451455
27181586
52904752
98186058
28936707
70412666
87806632
10521589
21104180
65756056
98973299
18975157
34835583
24004688
39440785
9991054
23529752
85626730
93388552
48059562
99889781
63907345
78595936
69804759
26474961
64150358
83831590
2009094
41185706
89968811
66142825
14210509
58644547
36159593
30397760
62359270
42899235
37212234
68727362
10088110
3767700
2074096
66060300
35747239
11562789
10172252
45525183
79667191
14135081
88167543
4846975
14637542
15369014
48227468
51385589
35158628
91829158
33322188
28332494
6494848
39634457
2486217
49483834
12435698
2064625
18398204
41200493
99050899
94845141
48602688
45788706
26956511
75939119
26533460
58030867
68612218
8181678
21080668
49460610
39030952
2318788
8672608
16050355
87745235
470569
21220812
54507888
61767945
56781654
60321774
52149380
7129211
72742155
56293244
26639680
16604671
14990794
8204811
15567097
73503375
92919642
63841433
84758408
46384840
55215684
23276036
7358920
27581548
77803097
34629264
40525596
22978273
29156138
49925734
4405478
74679472
53172623
10555663
948753
81945094
33598753
92669181
3749000
61240118
14514111
97634562
81590717
8929845
54360077
2999511
51766051
61522716
29868272
79040406
93225908
21514410
22143508
8331073
52213100
12168639
36650598
44248121
71144140
77165283
93966234
51565255
57849944
98562749
13242278
2013079
87901209
38664348
45077573
19935544
94645275
10362609
97101174
88416669
35204592
3445458
93000698
37122463
53662252
28384121
13836249
74682488
36926183
37603268
68127197
39647818
25100094
58675891
37769494
54029206
30627538
62811628
64148052
16276677
1208647
40466490
31141296
75843235
28318406
90529034
51033604
15899103
20854140
59341036
94606958
27433356
71527193
29814808
61689809
81801123
67106130
76151783
11278164
46879614
23383136
21600086
47552993
85771871
64123006
40227462
71190695
31209959
23948910
51831614
12664217
36312991
75066613
23513192
41702381
17827187
45651546
80447888
26714781
43807282
67696876
2259560
65342185
24041999
11327865
28297543
33124563
71277347
962519
70068133
4081058
28663785
70848095
37406368
4178015
25845184
75497581
19482234
42443099
53558637
87870433
5412121
6913704
88101526
77892257
28807045
47805339
55633224
79177493
40798830
58227536
51278449
9800105
17671588
57119526
3360103
38685263
28622493
11889471
76811360
96016378
85971955
37506817
63630583
8103204
59552738
66261400
54671534
49974345
95789774
89041265
40861798
27332458
42885563
46182849
37571561
50237835
53146836
10541052
27525984
26056501
14523365
68368990
27818205
6325237
99628512
54606181
48454099
692443
44856668
96939861
32743320
13779964
15265553
67184307
11004650
79690736
25715293
77560266
77683816
67478100
53001666
16579626
44695060
31580745
78053478
71612452
87441367
16961012
30218642
80371279
61304829
72950780
86384692
69405446
20979381
79382543
52909149
79356647
84375955
28813405
59146947
19118421
10267918
21165339
7693375
12084471
14479873
40618242
62875472
66202679
63362094
18661069
43082135
15023557
58488502
53137599
30281049
8714257
77382051
66032154
30497536
70804948
68976222
95926185
46939035
57875848
20234809
40551479
45437785
15972587
46773991
96432150
59269394
24831360
69885183
877465
54592190
54094350
6957181
9169818
82418427
76011295
43430208
57288181
2366348
63709313
12625037
81248778
60787924
72338121
36402826
74759743
87702367
6078412
51884740
81612156
81015130
46079268
99526570
85815214
81927702
86074033
8216591
61270853
1211017
71212309
56629932
72475829
58124493
85992246
84614044
66611192
85132959
61405120
86433759
204298
77720289
26311329
21825751
94629228
67648280
88061323
4142030
31114147
72308206
73442421
74717038
27234486
57747122
83103770
69487431
52978611
30237651
74197113
4286540
70488106
98973289
4700244
31067734
18632623
57274540
89665201
54191520
4968285
34920571
39981404
97772874
27498062
31770070
8489570
16342486
82557476
59663716
96991895
83317934
60051332
91775726
49682449
38817692
72070037
30771169
54957483
82801232
37992070
21437393
28187268
7519453
55547909
8510449
82330493
64327740
85067208
54073755
84018622
59317960
5506824
32537295
92351794
45993153
29723392
37672619
73918470
63478217
97490291
8617464
24641582
39892586
1926948
69129117
95791072
82549646
39504476
47995946
84404758
50133509
52435047
97094734
6453520
6145539
16092438
70082145
50607569
64557471
75775551
87539163
51005086
85443413
86478137
89335515
83597186
62752900
86903393
84279457
1967052
93615857
28706200
75860244
59667598
76551490
55406018
85505341
62197280
7323012
16200008
89315786
57552028
45328038
18483350
61988492
56775776
46376700
83585694
87159033
66566798
29144253
89058900
86025899
9595535
76261765
2988080
32427743
94361996
16630484
63432112
18489335
8858868
47570828
54887379
59400697
80065273
59223927
34684318
63994125
88766483
77726143
52029850
50123011
23454587
31665012
21491028
36461002
63821233
63894026
78895324
99967994
50421751
92461016
54974791
14776395
89226195
38415770
99480622
99391772
68468881
86735088
65590828
76637421
21381054
3275228

