2776
41007330
44387149
18778336
79000010
57501449
71163423
90706491
31789517
41366434
20127739
49821753
93285912
42527117
62489026
70808773
24265190
25630175
17434665
89959228
37983879
23293023
99889210
88301810
78087646
7725833
17773266
93741227
50856161
17456783
50722082
59152163
24366620
18787026
57944110
37765255
24116783
58475885
25612625
72385018
84209995
9733931
74491575
96604689
27909560
98417292
96832481
13791575
92201810
43591492
6251300
40421833
2822920
73657020
21941802
10894683
41302364
19000207
86799472
5831282
14593253
33784078
67562183
56328552
59104720
67468733
67766995
40865547
15263323
54882003
1367183
52869917
47439960
51019710
42710726
2358742
76791216
68531100
94793627
15690590
84826333
6860483
39235075
58166356
4594031
79893306
41421382
85933897
71336585
44602942
21506689
27098181
87415137
91780031
28098855
6840129
78497987
69970912
30023547
2396332
42191502
49290106
84843031
99937511
15155765
82314905
88932969
75540936
90080831
89513213
3317553
52131098
30053320
66733723
67157252
85920795
75169022
60368410
86896588
97057533
30343077
70068822
80744517
8217190
61657235
70405857
47720834
81046768
78904629
98615676
64026982
33463722
5184008
80993954
46761515
39280277
70470177
10147070
66676959
61495592
2332069
35026672
27363810
35560140
45200978
90136844
25291113
76976736
9565172
49274523
76306942
43401654
17329136
22885400
60249853
62976276
66640573
59219124
26089496
86031797
46086502
36255954
47104980
8352070
93959946
80268
99862283
12285289
54608732
51574572
13865064
68712501
37502243
89298100
87586542
15279283
5700283
28530263
38215281
353122
65978002
38719997
11995675
82313397
20640171
62394819
45064936
20858000
20958750
15824504
25946154
39638734
50143639
55246625
24927238
11942078
35224019
19682934
41124853
23485090
76876838
39415908
10208581
42634287
30145016
25957769
41461653
56382991
55094851
22548666
93686620
35566946
39457558
62831488
59484259
13027128
39349013
63469975
4602950
43199513
27641847
29812334
99566839
48983677
50612487
38375082
1112379
44776276
92338851
16048546
4448811
14233984
52241856
64504036
67404468
65394262
30475876
55457711
30868760
81881889
95041066
76070519
90091115
25411742
61875650
92557413
99792150
45308033
61866606
90452948
24037207
59352303
5283463
80111061
83500223
31844609
70011126
58061739
68649907
18059080
18234555
28601936
86846444
10322755
90074729
59624686
65131255
34951403
73114023
25170023
65767350
56772135
90373553
77312461
62538204
49437272
80831445
83249899
72149877
99615951
13425655
65765818
72715356
83137106
56913677
34987245
29891267
21726875
67941540
23384934
10064047
79751128
50048345
33589694
1057400
31880236
57793633
68094401
67635021
7246380
81852930
71837679
14360751
4195427
95265047
30087421
88286705
76596943
1905807
79566418
57707967
12007010
29920751
1267082
35777940
91552898
1191628
47176694
1612353
62633865
40663633
80375834
65795181
41024070
40710335
17887534
17737488
78406266
85962216
43989918
2045175
53914459
43926451
16574601
34092099
89082389
74484636
48870214
76187882
60215108
46472497
15600858
21889588
29199227
36617366
98087811
82670911
72063936
41081857
84913201
98259323
9165325
21521214
11952903
18334767
2387665
27423277
10291167
23433715
17480557
94580543
83144131
32607796
57220024
4419068
22381941
93066419
34574715
82270592
37572072
77242373
69277941
46337786
36108996
67005204
34797913
48250156
41828326
98403741
54152779
95210734
899805
8929969
57939302
59323306
16696430
8188724
22497209
89244385
97709073
88769121
53733958
14212261
13342834
12841539
14990977
2917149
10308081
75083326
5570263
83359236
10635043
52785028
57142564
22875434
22635599
11092640
54197308
37437169
7394289
52553455
51640163
92833746
63435834
85867553
63588309
87249878
77459342
17782973
75637055
63474717
56355077
257946
75938883
38566490
30386154
6795879
83233528
84636244
90903359
48215076
51534440
5697895
45581111
1300134
66471441
7957249
19838139
8945943
44744548
66429478
32902374
30063987
15168585
26351853
25158792
39264269
96373912
1790208
40240039
13947144
25462434
76589600
25654009
54879711
14951590
98239646
14641772
41796829
33615708
62904547
63990686
96261285
11172462
40412137
56983397
84155307
29396218
96633280
9326920
73504697
53124882
86783498
67000068
446828
84784187
98762367
54433544
21428916
37317873
88575082
14313465
52816215
67450402
44697386
55594287
39083118
59544494
13166258
83135286
81992167
48303598
35388425
87604046
61036034
7494954
15285451
48622060
52285652
62353953
73324454
88341303
12177607
15394436
60553693
21513099
48809751
37453179
28724425
3864825
21393750
56583455
17802835
45579717
27412457
91612671
15597179
59375334
23622281
14315676
13975509
42427018
80867780
98965228
62899718
61533584
26338937
5563610
95250763
34971916
40866144
18701764
6789875
38426055
64162431
78303996
86780128
97670844
70791349
13254473
45427978
41784731
38754612
8901475
75137019
69571914
67743743
93327993
31491668
65727327
68589424
94361262
68085575
35833511
2538676
67864984
43170331
70071459
86500429
54712768
60673451
19911429
74573711
93618470
55192295
4304184
84285987
77909690
27648338
54717141
25241223
62797795
67564930
20896303
62674828
64566267
57034147
5964744
40508631
10058961
92729076
61525977
23644257
4213798
84834632
69915086
74298103
52798001
36979335
13073351
99061947
93680412
23839018
17915416
14841505
40461188
13581763
67553226
64262386
8347644
34649203
93848600
81638092
26194827
71841649
9466099
92750240
4468521
96608650
90225791
54423987
16155462
89094043
96792468
22555294
58969412
79157273
61762877
86552014
83545080
68284042
48474940
5870341
71800876
65243913
80247684
59989974
1990688
40121030
72863422
6434861
31997700
69935491
53181893
24991429
6604416
76917272
86422569
91886000
98902572
42866160
42128048
23737554
22658072
20902026
37242576
62433126
63160646
60457209
17937206
66560888
84257835
24154468
76197443
16885097
1521202
49657223
255881
24099695
83949369
56151088
54295890
28742930
95545105
32514498
55106330
24779952
91556354
38305462
67515920
38452474
28824645
28953877
97073561
30940789
77658504
51548415
32766413
29693689
31949166
96152616
81721848
78406965
10909708
75998806
6725658
309546
84790381
4960740
76687464
79200171
2872591
40961857
30381001
33562595
8820579
10797169
37705817
92402383
58082385
22149003
57998313
42772928
11979954
51262778
1126268
42765018
92262869
60254268
22887116
21316504
43543803
16807142
33418948
49416262
8812250
10952606
61075203
13619589
33989917
22247264
2759007
13081034
64568290
68443450
8856160
38898911
92251195
3823567
75951553
70980961
46097582
57637847
99845362
57025089
81775541
95521950
63364505
41668931
67046463
57931393
57494796
71201154
65622573
16162676
42668760
69961961
12778965
26682238
2378302
51145659
98519683
3173179
56156336
24029965
85506291
70434905
60768089
46996807
8118488
99971868
81570962
45590695
32633688
63463899
45792877
17823165
82280333
31864193
3626798
68223983
86824454
23669772
2337997
28876279
23910724
77233681
63482486
41013600
41895998
10224950
51617801
44138253
17117661
91347638
24997787
99836595
97752705
15793633
41370610
49635930
76947834
98249369
3375373
11968479
57769615
42591702
37914778
3504756
94417787
19760419
57347965
4757791
25979499
94704927
81114192
54597943
86053505
41343997
39176669
79268075
30944084
33054468
45634982
13251514
39085421
35877904
13194590
38854140
91551948
88875023
21644909
1643095
8537185
87067013
79317616
28898379
45791380
87422216
7524791
50749607
62191293
8085188
96751813
18132753
95584940
23901433
33280979
18989187
56583459
91540856
2537038
11985864
98976599
8498986
5445460
63477763
29451891
6598537
35156027
2515752
72711956
58503717
83168522
68507009
75862734
65399328
84401661
92117290
89425317
53469106
44246022
85378965
92815253
3825829
78531399
38258439
43666955
74720218
35052184
8564249
98113130
21435075
70687495
76991033
54548871
7933927
94083155
41696550
11325997
52715105
21051505
15465591
10218906
9067873
96889863
5021717
88656896
21755562
4129524
60474812
39248388
6875154
26974150
96523390
4034882
55856901
1201473
84415296
7688136
73800450
25819871
20302652
67625878
35495965
23930186
27867773
69263397
92236667
58920164
79125605
23380189
17738457
32806720
39202346
57429917
9359365
70644646
76741461
93703223
55044707
13505171
3351362
82823153
3088490
50266679
83844259
29257221
71165733
47680501
86545661
35641889
84537522
55637990
14362153
54057960
53592518
5516118
28698324
25384560
85331751
84183110
43902719
14981570
77099568
74267368
98271872
57007453
17540945
22897702
12136576
74508723
53710476
50546972
32112891
49632170
34542841
40568473
10115651
86325788
98594115
63999650
11413628
64892504
33570601
37607663
14045985
61876383
6321150
48329324
33066878
94449320
74321962
43469497
19794741
51159068
74374822
12457386
54238394
88566810
54920835
61484744
2986710
56533172
16760164
90258894
16205351
53430641
30493696
39920685
27613598
56131273
71387553
85593736
41477887
17240748
10651559
74266425
53220965
6242811
13649158
43169994
5022908
58754829
30615492
73522301
1132101
55021612
84962428
72349637
5389590
47319573
53338077
31096010
77926039
70931067
32604715
18110185
14445574
71217541
57018301
79702578
99112180
35226187
85969790
32170216
43469766
56341853
16095853
5006340
55223092
91657021
6205725
96565682
71892429
63710944
41282357
95422675
19198065
91434288
99889648
94775417
39515094
34073741
7908254
39534446
28570372
43031111
284194
9137582
22570457
16682534
69663090
49504488
24207237
78210275
28004378
12938497
47397135
3963820
39655354
53590417
6402766
33247907
77634435
78123875
97823217
17774687
30279869
19753721
42097656
9895274
99685700
9805831
81127993
70331842
76761351
31523059
9844828
30213209
81885832
75068507
73073119
40599188
60829022
54480271
92094866
55476175
93882294
26478867
46183964
97503704
34129102
59410718
77579636
9257071
58531704
41888542
36268393
92515789
32161693
46272817
79855899
96495130
96570551
79432109
65567103
9450996
54947414
14963098
60947167
5453551
28933277
90874162
40497752
35530000
85931458
10445672
28629082
21623633
43107217
29353310
22387243
11245857
10527209
98746605
28845925
61137120
42639421
57434401
51408499
70231399
44626964
59206587
545048
79441022
70942346
7401645
17411049
67835492
596429
8188321
62929613
78550091
77419425
94703987
4853892
25859289
84986076
48845490
96616733
73205160
45779179
67625763
16480127
3845575
47972427
10990142
9795809
67096887
13004817
5063598
70504017
96298606
80971107
32283605
35448369
44889048
87701244
34512966
98092981
77584209
8791211
45358154
55022695
96155308
78736852
35074396
88136612
77891375
13408238
59171757
22042908
64918805
13885444
3021985
84630357
2038026
9892917
72387919
28070696
68490675
10853428
28059908
83928131
79207203
12635080
49632193
78929061
68497255
48470861
38419129
58515237
28908795
11403569
71162836
18376940
94358098
68845687
97684015
75420918
16108883
63598904
46643865
67648918
66993366
17558813
28991256
19860207
90769451
22927846
69848418
6908283
43625619
93039846
6791012
92715911
64268741
26754437
11140798
14753973
62712683
96794813
33431109
7660153
53940898
29741725
40888960
92157340
19876478
99335113
9954859
36119996
6783363
91006200
27012023
85710795
60385069
16237429
80935624
52144780
44356969
24214430
79618230
32757273
33888794
79465832
10831628
13498719
86296725
20962777
1068812
11028127
3160613
8104076
23558442
22589935
95342983
21968433
51808652
31190712
56282991
5968650
31130768
29083446
26815489
61903984
31753798
12711675
15355481
32635980
31209970
731756
73808388
93006494
67380363
2597186
91263621
793337
94192958
47246090
38151889
82330116
66755564
25227429
28546259
99684091
96886696
12319689
6472169
83100972
85466682
27191166
76521061
14077307
88732063
49982626
90058765
5416670
50361222
74603878
86602651
99901666
36441812
69338063
27280957
66375716
83123233
50393142
83395350
50633177
26449721
58171336
80807611
82362951
44911261
51780614
88236727
73322313
83618047
27751750
30023688
45076686
86553289
8825648
90421408
12072027
42002583
57699906
47188453
40236165
88086456
60452429
44420913
40683639
95113136
77244150
42106195
70994034
39980729
25641013
62267404
33389128
14195006
99727577
33350034
8000224
9231711
21905411
20970001
46173110
71870832
4028326
98129189
2912856
36678777
41484557
70927457
98992874
92171704
422997
90767051
69294242
86872346
69951471
69700957
88227404
63949766
54326816
66343046
22838728
14199442
35982208
95590567
21479303
48196235
62353534
4334487
57039377
43878002
56190426
76080415
93700226
65589050
92051754
967550
41030409
6791563
80027478
1578982
63152488
51097922
58161436
18920702
85090167
99487470
92166028
6511710
91374752
67724628
93673869
11097622
95967076
45236972
57236310
61540903
93049301
61337442
46985974
39138056
16550426
96189463
85951693
66047779
59512814
5440157
27029777
44379477
28188449
4661822
16201290
55352177
3623701
67363189
52943061
24277438
43006531
20456563
53048421
88227445
57145780
36807068
25194877
76945220
80130952
83081736
70753784
49054669
68033650
96869635
17838209
46152231
84166969
2974604
5454107
92722780
45267257
42786265
59897499
71060201
22582496
75110866
52283688
15852354
8817458
79116946
69777346
31221579
35509830
76158954
15339960
6433504
34382278
69744605
41879345
22508366
1969523
93383973
52354212
88824280
76930462
35094956
54621536
44594227
20766384
37830931
72304645
42327050
15732643
92036655
99538952
60625019
19229831
73392519
6312499
82182807
51482878
35006680
4466722
6090214
65564608
34959505
5025735
94504161
56362520
75746648
99993320
48329590
51136357
73582979
35904412
69818760
13579930
19428255
95323857
95404652
23982270
84985068
80833737
16744045
25147245
83426270
23114648
55801929
2551381
96680606
80598184
11756210
46289081
73116295
89504309
25784014
51830002
75721130
84912594
96475575
19346409
74487883
66300898
39289596
54270622
41943650
44773151
22763294
60963749
30073370
67074582
17767955
80917411
18001749
88582825
28453574
38247381
5040678
65799564
62398869
15113610
26618198
93080265
3708626
18501540
42158816
20561468
77865539
23561499
40517748
80887319
93336739
9194105
1468664
96904287
95930910
48575071
95938050
86503533
62786776
60372991
10379616
60279663
20075623
15529120
21173136
63558628
26724436
9238557
60758344
52303395
96885662
67530086
34153711
72392917
41645368
3949310
80087074
82811510
65526406
46836347
8277808
55855064
2800099
95972873
2720158
84924064
3134238
86914279
74892708
36915143
68130808
68596712
66940078
2297882
21544872
36047348
94354908
89626298
50392919
2922628
65086850
17801117
65070245
2367274
48315561
83992076
98477090
27996167
35745165
71893027
28845525
3491922
94784285
35669844
84563641
65444568
61095293
60269796
61442107
59007350
81410695
29940332
53957053
5536673
43038534
83469657
83083542
19044063
21740921
8599916
75018768
47214155
21839126
13129531
83422440
4013333
92601285
56413614
84100050
52762111
20860513
20397443
92207218
33347297
31481978
9429451
30147172
13901862
75174358
15963755
29477045
65235277
2334955
36333212
24732520
75629417
45268070
4797291
97683442
72781985
76994216
30537273
13081790
33173169
19264580
99787324
57848489
67518311
48621186
7695356
45133959
29738022
36596958
24028887
48239517
91916135
7895690
3086206
46732325
913971
1552104
8173685
7814349
69026218
40170257
68702359
21942583
98776704
64396113
56653968
99961467
47411067
70534056
23445089
13949089
88746998
87434314
76127712
30978087
51044960
34774560
40180533
65184129
94818493
42329413
94055006
21261204
97824804
29179274
53156011
4646202
22806336
12583411
3729219
7560130
23211983
8116023
24158366
97472364
31833126
33273924
66332936
35327473
77550507
49830841
18672164
42518521
4995674
88306794
29907559
56201123
23385153
58897119
45517721
43484929
99559939
65479893
47503704
51416729
27845208
63730364
85558420
58488549
39115404
43670327
58765332
2965972
91319036
82451615
62826223
92807239
42216860
68927105
24207380
12304020
13383027
25238299
36807107
22030086
83542813
78244067
59447313
28696412
68927049
91970048
52341096
89768774
79856952
91583182
21933573
41864939
26861892
37862751
15682169
4877413
72392023
14553077
40046120
79043651
99953775
76212617
81718220
12348678
60589857
4239686
31312371
76235429
63204115
96743183
9133181
91090697
41739392
19237365
26245663
1821073
56462520
15570882
78655715
24561040
60942237
95643249
60565158
6393802
97904935
19941299
16864920
98347003
55914465
34408299
30063039
9913679
12544362
65743923
41024885
71323883
6853877
29946326
4246501
9353315
3520201
22248403
29948050
25358401
81241794
41325024
54914000
44561285
44187086
74357093
26739273
83885087
5001329
89354749
48407929
95711350
33276993
88828920
78270003
83097317
12266347
49234396
69322010
6813241
81988140
64179423
37692968
48007221
37830744
52640110
44077611
83292942
42528471
1609641
56793154
37313006
93077283
59014629
6918244
83917685
53343436
76197161
88338650
14426164
63525108
47787186
81231553
49830960
62299091
86632303
25751433
66178917
74725939
94531717
40248952
44059456
45422325
74056652
58203943
9945636
21036939
41928528
14855171
6576870
4284540
19119057
10322638
28805201
31484131
23701059
6902556
15232931
42159856
65748559
92022487
99822349
72440934
56475344
91529147
45718839
3564827
92247127
48407002
17918906
65876859
90007719
9640729
58951076
55809798
82218554
99570097
82929912
86937805
78080955
70196143
98258476
75825656
48341385
95496053
59765673
34940483
2244410
16332855
17958478
53071740
50945302
29537662
65500652
56981511
42775703
1295784
23486667
86362459
47714544
19672678
66724388
45222787
71064451
33665085
47096230
76513181
17460841
21949190
34638066
55631710
4413935
74182766
93118494
28592780
99826963
6643831
58401590
57717378
72330507
59754997
8629686
96823728
50153918
55710993
42451729
5557784
66095944
69413833
59936813
76802002
31995770
54838894
35438820
9154697
57507672
5344293
98375557
34237180
40401050
48578919
69569873
57682302
74971436
80333697
36534014
75914103
20816814
27598356
10836280
90809312
48368628
72475030
93120027
15916746
97501063
9740239
30008250
17242584
27567138
91521885
42730140
4138945
87066422
53599793
78661945
43368911
84739431
28395280
8266113
18635362
53609484
87198995
50272341
12925806
85651891
26505767
10736652
89197817
48152218
26464653
92727791
35839902
81786423
79104347
14059198
20997132
11418802
46517753
37902633
54090375
12789605
178597
1250903
86999654
91953251
5020399
14171747
91740052
98823662
22065726
40455898
30055952
70154495
13465162
33859902
25831533
90433731
66283168
87328902
55513938
29172504
60685857
16490396
10225658
65702163
67334274
51062494
54664117
25935485
57692109
12787357
41464934
22927186
43669983
23061665
54672387
88631873
8762089
1698978
66255384
8871471
42556143
42971089
58250821
92639156
61375308
9137741
16301243
58891676
90006316
48575150
72561602
74362471
24657936
84105854
15557430
25285321
61776205
46890683
27531270
33356075
71897485
64624214
67678900
69805608
28198221
11354039
73201623
55997969
53922654
32763447
63338652
34721385
30405220
26950564
3600961
7873642
27941722
80703937
41156760
71327870
98710283
66110659
1218186
31061447
75922330
81697493
42928018
27461528
71445244
7318933
82132285
93934329
80847993
66225557
31805105
2105127
2049326
79915995
24457507
62449169
40196238
40772193
16104287
37968092
94264284
66678677
82018116
18428257
73289394
63621850
41623621
44898986
56510078
48425222
39084521
36012408
8809472
84857826
20251980
23592896
73403597
22558893
2888092
26200617
86886863
75004057
95963549
31684239
71589315
79455564
48259109
34299267
82807737
43535968
47299745
38417353
74704791
73327076
93883278
11178713
20754326
36165849
814593
12325215
43182532
14572213
99554336
10296507
28344449
32390372
38622118
54412417
76633602
24742210
58590562
11634169
34211793
16386722
11710648
59641249
58649418
2535242
120095
39945894
55324191
48138100
90072226
18987631
1603542
94889167
28882784
88662546
4170566
65981180
12373260
16955869
96617245
99365138
54035821
17013198
7599453
73563931
25887455
23733019
58295770
56564116
33660624
47539883
98940606
47622384
88617283
71642011
48370181
47281173
46150481
58251963
46679553
98745822
93361827
78193678
20531927
42503832
61172217
63948109
73099520
5084037
6928806
12802148
44074698
21922908
63340818
77145331
25374164
47214791
46882615
19836879
27339669
71348963
23115556
62880639
72754646
41785540
4530813
68784831
83972147
80030446
68122105
57549568
82891678
2409693
90315747
25244902
8948700
16713598
32954265
13380297
61473542
68537779
78223120
43278901
2186249
90702548
77652046
27468650
2257191
28837160
55780334
20278748
34602100
11857520
58859936
81219507
36771673
8575837
95345830
36702797
50464788
4007444
32177753
64218039
52960054
77006001
77390498
53623352
12326948
76173761
44577153
76351174
66239383
87231431
56721545
41139087
45696028
77339320
5330529
15388017
95757205
4718207
17415237
92017026
41581749
10090362
62201987
31617673
30189448
94744059
12553215
50301571
69908713
80418247
93831088
72814879
30320650
29650842
14024224
24989251
34383600
47652258
59501807
2849157
73911283
76195584
88747857
23441074
17591874
64064842
96493452
51322698
74011998
76708619
59701883
12639233
46664602
56324673
38788109
11216192
7867554
36411870
65789383
21374115
48473329
38810952
92901182
36075897
30362201
4413145
22833310
85373767
94399102
89804384
4301861
5975364
81435995
13737373
52349352
70487006
66261436
22514377
12050957
82677556
20755650
30997260
99925712
70362010
11283811
82659333
62410111
1658137
35261927
53908038
32836158
24924396
34510188
92907990
11225411
69685764
78971491
8409005
63321434
17695364
96057616
3107131
68794723
88300101
48971278
14952929
93685967
51884372
34627017
34952309
49669415
46162799
4093186
69500355
39808644
95354764
86341710
5498631
12488984
47633746
67232151
9645172
49588132
72745374
60512410
19675569
88622848
5187583
12697192
59481942
5621398
94276155
58606821
98830451
79488487
62990024
73594956
84374793
17194245
47935315
23756457
72948367
70127895
89150524
7824221
4632175
44087000
75768599
7013277
78199686
10332952
56945965
69234163
97824935
41343545
39709946
22216892
6643481
33156276
58331565
57491624
91006228
35429522
97936298
12021822
98578504
73651443
80033547
41690197
63390039
42743178
1956379
97731996
92508758
97416478
22125530
73730067
12050768
66966283
15449212
97942671
22265026
14006463
74317801
69836602
54437920
70222398
37709374
78440465
9519694
58386591
34238795
28677988
20825384
49136780
997907
75550297
66170363
30406342
5015376
24011114
4014858
929182
94216940
10105058
17785098
66056061
18718089
85675876
4203174
73248349
28904185
20628580
38469883
44916046
7617735
87044524
26234909
87748338
15391148
51112665
63350417
46085633
22565147
99626715
56088273
6214086
12637622
26651000
49533899
60632224
88054998
33231817
47603554
85494146
68099079
24957884
78492651
52520307
63154825
37959313
30423729
43364111
93688272
99649629
22058610
8675332
75212293
49393802
49337568
29815957
37097348
72824916
23843617
88687131
54624348
59468365
40798287
29343359
78886609
10862554
59840760
43517377
42220765
13848244
98721439
53259893
30097579
95874665
46233914
38846528
55291419
61830873
55708594
89599071
50567233
96537273
52646502
26527009
85002725
96147730
70365608
21723496
25250052
39248579
52238142
89155628
46297678
7831547
55878882
25413623
8888742
31803584
71375299
42489962
43759269
78534507
72431874
97935543
23594520
60679465
55756854
1508389
53063549
51653756
3199464
92416911
77095818
9546424
72928791
56732133
7937446
8391302
72891573
25558186
17900398
9266020
78049321
66117492
76448049
60072227
45431755
43364975
48707956
8852840
69018219
84156378
58451823
24368428
47041994
23826568
2601102
72923709
26245919
75092321
56425201
91227578
37826963
90361311
14039789
26499482
36197062
67984273
25561225
51613221
29924424
66618267
90019585
4774009
14999584
48860979
87182150
15884551
42798409
42635558
33713532
71854356
53312048
5784913
9930362
85216825
63938871
77191209
62950222
23013347
66125365
83522868
75795639
48657364
82667252
63830413
38921129
71942303
11470257
44704356
82597068
80574768
51262112
7089275
27142397
58396738
13829733
3463338
57362892
64268007
39531420
93358172
57453052
13895939
9137490
86432784
11328774
84350161
27589514
62302169
58718615
85659741
47063225
61320926
58579725
55160840
2782025
51400667
40022014
81213704
4556314
81975198
86880689
34572005
9782525
98429322
30465443
92063741
14585911
85471000
55322371
78724097
69103364
81327441
81553974
91145334
37037074
63302742
91508308
8151604
26930177
99159512
59448233
3785194
24967401
32509344
15196725
31359385
47472852
7244808
47413548
78761236
5666880
11701375
83102327
94657158
89156511
50307593
85589041
38333676
94168791
87252157
33730859
74543255
75484866
2803270
25822057
44141227
95666094
63033954
37311907
27473571
66395102
92134246
45441220
52101067
97829640
84059832
19342446
34794436
29252309
22390100
75570548
26181891
46900836
55125576
52839518
26318931
62229191
40571447

