1476
67442712
86879881
77878839
85563659
66650225
69169159
24569294
28312292
70914577
33919400
36046224
45690988
42504514
63787022
92271130
94857253
99183763
64490042
47565197
37334325
15093847
10107413
20878861
45944548
94119204
65421290
19604803
93930018
86598996
47110890
13258204
67813374
88652167
14210727
15536904
3900464
95976479
3075738
52834555
48228241
98137539
60090526
67424624
82671005
549341
66172530
27929633
84688376
44788764
63920954
32043088
16776934
89150962
8571390
49512001
2243793
1981463
53228074
3302334
66909127
37457668
25778444
80763026
77930233
70713209
56507482
73235214
54406461
94743288
70808489
70889095
79646861
18939976
90142711
87002326
48436358
91924722
14550306
94687446
26882026
63429063
92250222
77425130
20835871
1894488
75234308
55296884
98693294
29960573
31085421
4060255
7165124
115407
9793819
49792406
15265460
61504045
12629472
8761483
66843251
46276923
43496565
98292401
50890522
4907486
20089588
49786882
43644776
44758722
77531487
57004154
94693437
71262676
16649751
62360730
21359905
78836168
54767205
26203878
79542715
12758164
37356277
71587943
10254170
97500403
14986326
58151209
21354095
93109988
18225019
16725182
7695888
70790952
29287485
43876538
976247
11636167
4254166
74029621
6103426
76615819
60516200
47288140
24425009
95142276
41244276
28677536
27117866
34858626
97404771
87025109
30928952
53417886
25967105
66322196
82197704
15555250
62585085
1789834
79815018
39601884
45764202
33590247
54144086
51611647
25601345
74750176
31935461
58031426
91264732
14803630
36437268
68140431
32017277
3773580
89200900
3840533
6914757
76315964
62474876
95506375
69076285
78312835
70941798
39256027
56440785
90488744
92228174
3400779
42161232
66095098
79699686
59355991
57186285
53966151
98996613
82661633
66778305
99778149
9076131
26111376
87829575
16585645
72322398
10671629
50016734
32610683
51647224
97820873
44076875
20779951
36134231
75662038
72532788
24826415
59459971
68086921
9060262
78298979
98916140
20786942
1300367
25628087
4594210
119444
51252293
35607837
19433179
99816301
23947518
38552712
34462449
8556015
37577045
34415986
40838560
58628422
30511052
24484439
11211852
93437919
46160708
14559032
19977465
771823
73670791
88376345
67024082
79841514
95766462
79495043
18977699
16801804
29475323
39582979
69742686
46624979
11126961
51932073
82004378
70772867
31547446
73746058
20754959
60994209
73473608
86545982
27079963
55800696
5158534
59483490
51648064
69962392
64774642
99382551
75256996
38365778
75208565
72529282
27287440
98657853
18035035
33255498
10950642
3711668
562643
30070045
6280411
94103381
35571313
86886443
16373505
78792067
86965420
98561193
22632509
54880485
91729503
28081488
84351758
56574693
68762956
28096219
24920085
17425203
93381524
75256461
73821591
61308223
16817217
65288360
10823422
38110402
40487100
10515191
17874777
4313654
51486039
8701509
55775191
79770969
12782789
8822244
62865744
70378414
98250653
95735847
52755644
45909244
99020251
50917352
50231737
78514893
466270
10411267
67428618
88838895
36040555
83942872
24407314
10838263
27473192
91445709
51219805
22402746
38209058
50518218
72029720
4648658
82445768
97653180
75489428
98858527
62747885
54236179
24886215
28923715
62921546
11022147
13254091
26826020
65199610
88933958
99316061
49782126
95137789
70789912
26006879
26717967
60021941
51640378
51379286
38693049
46880364
65262641
19049964
38785635
75822028
76715780
68840560
27546568
30300005
82279105
33281873
35967719
73598506
17770488
69018279
48252290
62736372
74608701
95628458
79485087
49557758
7866283
69182521
40489994
84403048
15513436
63280980
31656912
69319348
20111090
89764514
33497029
3982412
11629586
48032748
37753599
54736122
2126563
88201631
85273689
68990830
84722324
81414991
12718578
17903035
83405523
24892463
38014123
47697114
32247638
75651993
22824620
69464870
62721878
86910861
52508384
84291295
35135758
52407849
46071924
31268519
89360961
85055286
47052892
12192264
70934962
82319515
32848334
13215980
23845290
25570792
627140
87991075
16595061
40296652
40003710
5051617
98267108
6543007
92197375
25820221
66643917
18599897
38829964
10403763
24268423
90078873
55852592
52719010
9778287
82239007
23139386
49895887
27410278
72376914
94210492
26744544
41876560
8178235
74531598
52802786
81148822
13194888
85905994
61111748
105892
14672906
39312078
60063450
46302828
43731511
94030012
42042203
97357026
310953
20181117
89711843
21320830
53249949
52523578
58231794
30027710
73415029
79017314
92373354
7908513
76028983
481575
34826773
38584620
43633163
23828737
11728413
97521128
94113729
37681961
99116690
20510562
46144328
95343647
92361448
22187690
2910264
90016549
57026934
80702677
86027593
75056065
66679288
45872252
66551002
12503871
80004366
49616186
41045611
40558380
89149370
25166898
4780323
80781532
17964518
38498694
48530252
31201510
17661148
59624417
639697
68221347
54624204
50414
65715143
29620146
673866
9869279
87549921
11032439
41903565
36305895
77781242
69876631
11192625
31737536
78254479
63954302
39098678
85421350
5804098
23986137
81104895
52900441
30414169
86880284
89439635
3265439
93475644
10191613
82705759
90975424
1972475
26612215
12074418
50272137
67535045
26776008
20714560
82764361
38008434
55967476
31045024
73064279
40879867
39078975
29960142
44618890
52294652
50730295
14656682
17499071
56509241
8669608
72331895
32838487
14248470
33693222
52101469
84066230
12089885
85002631
60755943
4428997
30424444
98764389
97860229
67126129
3899268
34591136
24920843
72304170
10076204
29406170
21838640
57988197
51096715
49150458
19093776
65814810
89394786
959914
75223979
10177863
40092560
84574169
30035044
43728747
1873819
20375610
71813762
95064075
74880814
69176258
37658290
49825585
55260822
7704366
48905348
62224616
68826435
85249147
75297514
99389121
91660365
77820267
22399164
26266193
99932397
81945351
85367350
87351217
27198207
58433048
78717048
69771773
45405575
4745133
84630021
22398933
54542633
14457496
77618500
87374815
15600047
86916080
67339266
13794627
82470279
39276432
39151855
83936045
19644483
79013527
44347421
515919
64940567
10761447
3921284
44941404
63225694
56467366
24892800
16784782
92719125
51376064
41165137
86834721
19347039
85438818
77030554
99982038
70329087
15061376
82830306
22710641
4722657
51829329
61805335
19820091
81350802
42634190
31748870
91389056
45470402
48035126
41395172
44035858
43885513
22185100
27003336
22911429
79993632
54603543
18153006
46108657
71150052
49837026
20484726
41455347
98252118
79700538
11295843
13273004
31743838
63459123
90265757
78478337
75901955
14246691
22597679
54596953
84182004
3785765
26863881
33050402
3533826
40093847
17849215
40187468
31998628
69224860
36516297
53444812
78525810
95357595
87518081
56588570
15697834
55620286
59028776
97994932
34085038
3852148
80954273
40954009
89410180
85129712
92014004
42615503
99678549
35324584
14173580
94125533
60196334
45528278
35195193
94143058
61759042
39824122
56743215
36129340
22023142
24545110
19349446
45537457
97839252
60649329
39761848
40250442
37813161
86388629
88390054
36443811
84340903
10873425
63774099
98594524
99580595
68632055
90924391
66237979
83447575
65459231
11717741
98809864
41706177
6418978
83037397
96941136
24892099
95071392
56903731
63292706
91204305
18923003
67922943
92359605
39998150
16835033
18479891
4650944
38186528
49011878
50888752
99905024
983935
90828047
53283705
38651318
12812842
92092553
278774
63574310
50298762
44483272
6109458
44683033
71685804
56771400
7478045
26733148
34533572
37953736
53946316
68836159
5994405
98895817
95318708
76681751
70244937
72190995
9220562
15492284
80817743
34829105
4506886
15950859
94156664
96728560
27316883
50337382
37842985
44102884
75410081
33158447
81336301
70309348
72467900
65858128
82414832
8819080
82328146
58211254
47913092
42542002
46730296
36740050
96122272
47757058
46538789
17932311
64385628
71880800
29255734
54138494
66397303
98226550
91433577
1393413
63208657
71089460
53045538
12433195
46650865
76432970
29665705
15542646
99584384
30220977
49123241
64659182
69416651
37941027
70835123
24245919
6729542
93372318
70838457
14097435
1945860
85687525
55792275
72623605
13953599
19082495
37875582
65033543
6343126
56768694
43359896
10095917
44507850
40730649
87110757
87959112
74066881
77674491
92087629
61777212
86245507
970865
37518363
1424690
12487295
77563480
46809984
73205590
41954375
12130253
98773646
32437850
26771984
96046259
94372157
12765938
68496691
85217840
78741226
77025110
1411246
91099952
2606035
58804931
37502116
21875681
44135324
55564538
18296281
25921077
28506829
33672639
38118455
69875299
2208849
99704156
33375563
3163751
47241977
90444316
95188169
57093757
92540663
65079760
10991364
72755882
96553060
42256973
45773687
25981235
11077306
34524395
41794111
92526628
27121242
1383688
52202910
93893579
28342279
4593539
14300537
9764410
15514473
8471873
88823770
87297736
44637580
98676140
85586544
618896
98523998
50719791
71209738
2366448
98351413
69843644
10525472
25433612
59820614
59430726
69107018
34085449
4737583
92702790
75665863
15500499
59094638
54677050
14349048
20491543
59321575
13695522
33961185
54749001
18941538
74243586
35160239
14361823
3101963
95566434
90934572
66566164
37645296
60447697
90426957
80099174
78079622
93757022
65633957
74227480
92256805
68119325
56222703
17741233
40237704
69680552
67026312
3745915
4090190
72417179
33951986
80973061
88747131
72214551
12206930
1982882
41539063
82038080
58264819
27754728
52786702
3328191
81600961
39530033
38384110
46967617
5036751
64330013
30519085
94640374
53496530
76271118
91248960
40431379
9217699
95788459
39882245
20596304
90340545
85522014
56747834
71547242
36750540
65336278
83790851
32541858
20984843
77010565
75527272
19825725
54969063
14727203
84440021
71670786
74432878
42307625
37762456
16826303
35446994
13402455
65125479
93295812
66889191
51745327
64911831
6489959
14559912
97761655
10510566
63668606
35768242
4585915
96307826
5766632
6596295
79208393
1061056
10246916
21514573
68423731
71075318
38755128
58893516
25806544
73312160
61031020
27968116
60939836
35915055
44650380
33887381
75129171
80627061
27401
9348132
10201786
36923691
12079961
53153597
95049814
21943660
80195954
77807260
15323859
43832119
91952979
95355170
86263838
55246064
57720956
59353942
54283243
94079711
52989297
40578785
21919792
83991472
21118267
11373585
18223784
96023794
15826663
20798552
34210130
12672152
9346308
47260106
71886831
89141115
39939113
11368354
17089159
80955349
88396909
54100925
35365860
78429896
10194925
13104157
39580694
76728789
38082634
22013544
49504493
73582437
87418665
7452775
79917954
17855300
64951217
30801799
26491311
91997985
52498192
74602843
12134290
60054543
31622134
57935896
67643150
18984199
9528600
43883031
82817866
9850212
43377326
65470807
19065392
94937701
24788214
33098489
55448047
32681134
56206767
55149506
53308282
75512776
29980830
82539676
13277190
86942876
42239245
55386901
8441232
60761340
40019015
89482719
67310677
32131610
87656989
34151502
96327768
60793103
77262436
63390941
446687
89176662
37097589
49494697
83986934
98821198
15788716
17833205
13136619
27195068
1437417
93723300
6802640
50039878
58115346
73267394
93651965
19020793
87062671
43732220
50212747
2415811
597708
43893283
73744602
27762682
35205819
53021101
62623500
85795284
62700112
98214451
36364679
15079405
3372547
33219572
84549495
32269508
41297
66756177
2644553
27540797
26165818
9550927
35564849
15576609
59694276
50111000
87198630
78579097
1811064
12553850
828385
80241591
45748192
32049767
89877857
82563310
21328911
7418995
39161962
28199829
48513817
87403353
98848129
20524903
81678998
28063351
38317553
53231878
31343652
89977165
50791754
37744755
19736034
63917570
54477533
22423192
85898997
20531167
18022465
14544318
46822918
20422353
46361809
68082455
23937218
58632683
63490347
21585462
3879514
74459362
56785842
85590674
80521217
32956304
6736909
49108742
79573616
34716530
99677350
4028500
315237
86878505
26383660
25044381
60830239
54962941
15277842
62668779
24634340
7519317
47214350
43988392
45647739
36602944
35770011
2894884
68068019
91533552
52991095
1637394
56110554
20725561
14483237
66017035
88812614
181271
15790955
33862922
15307728
17178917
86193365
16350446
13204564
93828134
29883697
93531644
38726963
65132160
6622994
39129946
790737
18601660
77719629
89645205
37365783
67084296
28934015
58522652
52701681
61756597
6192773
74062019
9617105
75880889
16805890
66833473
19238443
91142445
18624732
70899377
43954423
49915600
4800959
32386837
34372914
36499331
3871897
10411214
79592029
92532172
6541084
91379494
54854908
97929555
44305471
68488391
45592088
81164391
74876349
24504129
63225022
84709754
7631509
74540423
37684862
53959584
10192777
96220274
28147181
18467605
49739935
40700989
83699491
96795316
94290083
10185224
70101566
98678145
75102626
79775061
51478493
98415391
77398384
22201230
37942693
31672666
23724579
55768189
30665152
11090079
59637910
74650322
95588441
17589887
78960104
49284512
71843361
10948656
78002938
51564768
61422029
36933900
75525620
65637869
89681558
58639632
61563328
91934727
84817336
6136158
86090382
68860625
54359539
54663355
97190222
23782610
85475341
37953554
29518649
63523831
68585294
26093807
32273993
45950479
87596802
28321285
4780220
60266318
59185659
87074985

