855
16471
13278
16692
1441
13117
4113
15437
15123
18947
16978
19121
8140
17071
4108
15637
12312
3657
8427
2262
11365
15486
6113
19568
13256
3197
5605
16328
8440
11101
11919
14116
13138
16277
7485
1581
7348
17378
19857
17172
16610
13413
10225
10506
17252
11170
13638
8871
3365
9282
11102
14948
5141
1874
17098
4128
2760
15650
17216
479
4854
15111
19385
10662
4473
6937
18548
19521
15346
5333
11666
349
13444
1757
18681
5390
18711
14035
19601
8746
2102
5025
11369
1964
146
2612
3443
9970
19901
2205
195
6720
6415
4911
18068
3771
389
6947
6148
3982
1981
12791
7283
12040
10299
7978
5704
11868
10855
17858
4300
13248
13228
16679
8973
4142
18394
4389
316
2471
14950
8686
14319
4971
4229
8981
12096
16962
116
18516
17324
6806
16435
2791
16468
14038
13734
1551
10944
8852
1075
5712
13815
7848
4966
2803
1769
18667
1839
1188
4709
3485
14339
2677
6467
1440
7447
17754
4091
4699
19241
16619
17164
10583
13431
11269
7094
13541
4773
19241
3168
11799
13243
18907
19699
10530
18436
7493
18557
10082
6961
17938
11663
1910
13620
2771
3647
4224
18053
5245
12647
5094
7809
8872
12580
1620
14918
1202
8792
6807
6264
19578
18440
3331
9151
2341
4319
17647
16519
14653
2601
10036
17534
19565
9113
1361
13945
199
16515
8777
8912
5406
14851
10788
14302
13771
6964
4330
11906
17580
9434
19211
4768
13793
12825
6138
7328
4558
1051
18253
16621
8316
17294
19359
984
1943
12227
7150
18099
4497
17360
15902
14775
3197
11183
18003
17822
15413
3645
6843
11881
14389
16956
5186
17596
4126
13266
19131
7741
3220
15847
13982
8856
16160
2251
17125
13854
13519
10637
10126
7233
14129
16837
19100
6682
3515
9611
14038
19491
1349
11422
2694
5854
18380
2751
4698
4076
3633
15827
4999
16086
5049
3908
13890
1576
7627
11744
9509
8976
19285
10456
6544
7716
18632
16482
10117
10137
11255
3384
13290
5773
10139
13495
14603
12126
5362
289
10293
7056
10907
5628
8189
19755
16764
11313
8791
10427
12093
3693
17407
11951
16874
10371
10900
2522
7412
19528
17047
14485
433
18645
17457
6906
13176
6025
17802
3659
18373
10084
3827
329
13595
2381
11389
4317
5085
5902
13151
16339
19124
19475
7060
19258
7565
16494
1338
7205
19063
11221
4404
5229
6889
10466
15593
3820
8890
12339
7780
2275
9703
16360
8786
12150
15633
5735
2631
15403
445
987
15961
4079
19986
2545
8418
3793
19806
5817
1283
2788
15761
7563
9340
6177
15520
15808
2165
19458
3139
6645
12536
8233
568
5163
3316
12727
19326
19049
8251
14933
13210
8121
2565
111
4054
8871
7724
14804
16893
4325
5293
15895
12384
17321
9005
4849
14933
749
9746
18461
16306
8559
11142
17946
12310
15311
12728
14028
17664
16564
16282
19484
11862
9670
5668
1907
10016
14549
16751
16067
14443
19889
18682
3839
230
11152
6089
3038
15432
5835
16514
18299
5064
10593
4430
4376
15203
12851
7806
6134
3769
3398
11235
3678
15825
6245
10612
8636
18129
8316
1740
2239
19334
13149
5066
13115
19714
6879
10511
8262
11033
9914
16867
16318
15331
3308
9521
9410
14174
183
6758
15604
12585
17441
15734
7677
10185
9331
17335
19593
1543
9914
10820
17095
18256
11977
16987
13931
7477
11445
4832
619
10281
9944
7160
2757
5605
17327
9134
7832
6983
14236
5777
7110
4462
3812
1524
17049
14240
1361
16588
17594
2404
2610
1110
2651
10665
534
1775
18191
16701
13621
922
269
16310
2823
3614
369
16269
1386
5861
19642
18430
13889
8478
19853
17930
11343
9403
8368
9365
8416
15668
11056
15688
15201
6274
6268
5135
14051
1029
1511
4092
16828
8575
3722
15843
18278
15223
6624
412
4286
15062
8745
18916
10534
7469
9447
11580
3267
5709
14436
14984
11103
14382
19082
5361
11081
19785
11785
2820
5808
1950
6804
945
2412
10478
14724
10125
5973
3745
756
5712
9353
3042
676
2424
17515
831
630
13060
2943
18474
2772
3289
15375
5434
17320
19041
6152
650
13794
5191
5502
13624
9557
13020
6564
16552
4378
11414
10228
14591
3884
8779
12621
6984
10091
17530
11888
3058
8953
13602
15555
17616
18816
13705
9198
12344
15946
4407
11169
645
17959
6168
2827
6837
16395
2558
18052
18539
16429
11772
2404
334
15113
19244
10186
5960
13598
9162
14102
14056
913
4503
13519
2177
968
13015
13118
16872
3248
5491
5745
2362
2584
6968
11065
6964
15572
19030
18284
2713
155
19873
17764
11792
17385
15604
5310
7906
9438
14953
1212
17376
19420
4354
18244
5660
333
13411
5918
4363
16635
11670
16794
8458
9686
16230
14503
4789
10002
964
1565
9873
10182
13317
13204
5315
13518
19937
14091
13783
1386
8886
6562
18331
5436
13443
9504
1697
11534
5198
15503
5696
11754
8862
16826
14291
19328
15170
4598
16633
18884
5064
16662
8115
13965
6054
7509
15306
17399
1813
17968
9830
4162
14129
12489
599
5584
4955
10661
3792
1963
9687
9711
2503
13245
8269
10931
13463
4342
17836
16516
7871
12362
15395
10519
9184
4304
15814
3109
5346
4548
19791
9453
7759
17894
890
8752
9366
6297
10056
15827
3626
6373
15486
14624
257
3989
12099
13317
1334
19577
12805
3603
16519

