3052
21981127
40992387
1404397
5172267
68497343
72539609
33980052
44165572
33452408
49975399
10667482
1580500
30290821
48137291
84591314
73823499
35220251
97069160
99274866
51849758
89741459
59757029
10890776
55408710
57816044
23113644
2128386
12156862
6905415
13063660
46597077
39580232
97619049
42779032
17100567
87485353
90484028
59753190
18614965
40685096
77745998
15160272
38912381
8707860
79906129
58016406
54851493
65832763
55932825
94208058
19990083
92885875
58144161
54195203
70905042
28137237
63543430
41708794
4310196
56348029
28370571
95926384
78078122
80594827
8877459
35133559
35608925
48698917
32068778
39892324
70197465
24326323
63564413
7236691
44038413
55995809
25591261
60030371
52557388
42716897
75772991
95995254
54081231
18761318
45852479
34058034
55161905
14265002
72994585
62982147
66305009
60893993
44304943
51453014
45606388
68242660
27703430
96149600
49182464
24234207
63759432
47756949
53217602
92511651
86332739
75325489
15583945
55023805
82721385
65137330
13390088
25310781
8840526
75193436
9663064
38308152
44367021
33781684
49209716
32076102
23747300
4596486
19869435
79592452
64719987
85237983
27015666
91802259
88992897
14353299
34248511
91465240
45533014
86292408
69183791
84288570
52170722
5336489
1069041
27934887
8493365
68568068
62434328
97660303
84798725
88837932
10413853
18635047
3268396
19820744
96676827
10287144
90397735
47196226
59741713
3062861
62838167
87246666
89477860
3763161
64692932
41580112
82994522
38362382
47897365
90298637
30135264
23239351
30245273
20165115
37548485
60050335
70864258
81215192
35305660
54342168
70230948
57142311
38124638
94897781
87799034
74127791
30529702
93473168
62974498
82022138
38772852
37553733
1220060
84364503
63343114
45854708
42281359
66454488
71880594
16041475
78247620
36495573
89965718
95993434
52868777
32077671
77575045
99902438
48256399
98375022
78281525
31885847
68542316
89658252
16571996
34139489
55897
15542695
94363926
36674494
16106517
89816939
78123106
47459114
79313537
19007686
15848869
44308262
41090595
40746346
40577829
38763831
7124387
38392142
87038095
26067556
89339216
90129454
5687154
32714171
61143196
57263878
53235650
98577100
46283419
54115739
27481430
45257772
5183113
26116338
47469674
58109683
87371585
61821399
83127069
39027518
33453766
44319831
51087092
14660527
22340286
5629254
44386389
5030632
20664562
93966522
96504333
52607508
45645264
27845006
21953995
80726878
61688809
53047009
32703651
90978167
80633971
86390164
94629516
47812116
5441480
98495951
59733474
12819054
77558501
78811005
96104932
76685761
10539500
50200779
10004279
83077325
57944738
60324013
96588129
81652312
10699762
16727641
56629071
72871850
17277544
46828745
89557456
2970895
44042935
44198974
78657560
77440345
64369971
80338616
52323646
98183771
39618648
40892287
64121790
45344879
50601537
58186397
75005944
40358641
99389490
89826913
22950574
91419074
9123599
19680477
26257802
67228358
63366882
83395433
21469846
99813734
10290265
80539679
8730562
429326
39209797
31016029
63534690
94493104
74638364
93094726
45467565
15932224
9975416
45887040
4230207
10694710
80965782
28173943
35826583
73247504
73193432
5647193
57163418
65786061
21467459
35534104
46775567
49696370
49239298
28835372
76676641
83175304
93948641
4356814
90073312
5939868
88888275
19358078
96790719
36647614
4346221
97355646
8434200
83729667
81623144
95563860
13057956
27119876
6294563
32596300
62741507
76568157
68286494
24448755
90411066
95522350
56228736
22800286
39699760
32688540
75613842
55927265
50048816
83327825
74274114
4255512
33753194
67870968
97726113
9554145
29703025
87982531
30607718
23931296
38643647
21037285
30400616
8762618
86782509
49693464
53602088
25872475
71779963
67231000
84116549
36229744
42480078
85568293
85288965
6892461
92054061
51658885
39387603
99471048
6109187
76337152
46790075
76873020
29243040
71609443
59938544
33722311
19112632
69365501
46198855
45551597
70436066
10658341
47873977
41243251
32112154
96666802
34339045
51792356
94665792
51484545
56985995
46584591
64946071
25202419
43609618
29049735
32978758
10206828
74213892
62444834
46300634
22574549
43743372
60635514
97870274
39363867
80206079
39642479
16395218
91002286
28364880
93026467
48747969
45795843
9816474
11812861
18900652
23047442
75486874
12291367
26137232
19948249
60084530
45511440
51239123
14365143
3072232
88460139
1981116
43819153
24309605
5873965
56404214
71782161
8173814
78438419
29173265
82615394
194830
38272794
30875393
47502357
43558082
12794885
60435869
35347391
81503307
2555098
80180001
73377657
14688904
77384805
19110829
161631
55972730
59830196
5483972
21109521
24929222
26297241
54459598
56095285
23393590
80220203
16604566
36913139
46070072
16289862
96963020
23638135
77167197
98585862
61379716
49169779
21540060
61957712
50436277
98905242
38707725
32342601
59545788
2632230
26442990
48975325
20972246
35227731
17873057
31989817
94852521
71601378
80963820
68105553
77405116
35005591
68199096
72767068
39006458
41516987
79246482
96986963
38228787
47753370
52723757
57732469
17232795
90548486
76312286
86986693
26765642
66559699
72995870
56869771
42513594
29160793
974348
23434703
84506956
78845941
82022377
15101153
23469507
81442952
6235802
28734932
26183366
79149559
66186793
33976318
98729059
72157609
87433540
32828794
79297927
3362316
31643325
37299878
97261191
55684368
63829000
71175333
39458714
10419370
60140992
21300190
72679005
7938130
86424355
76374651
4584269
48057734
74225041
99129579
58539600
3025477
46368529
59955297
40399917
55272085
40348107
77422419
86618895
52384509
66187407
46612475
30967047
49560844
81784653
95664345
63404167
91637712
24349851
34704431
44048359
86931039
65385523
81361028
56783075
57248338
46825585
77810466
12829723
96496965
78234329
37185944
4154770
99402072
88807055
50423864
22805808
62005425
45660126
27276186
4118848
21376248
21529522
24378903
93305331
34750170
34184733
80573007
61873627
82487174
35087318
34740388
64212848
15523123
64568245
29699516
64712334
32164504
82835768
82259459
51596277
14815858
45948930
71686439
53810632
75513090
5432918
78135962
39330319
13479820
5048736
70821139
63300918
2682329
22659565
15216141
29527435
18058934
56669550
76725831
80867011
22743923
15108345
91365698
8034165
52675173
49222536
74559175
55756958
77065060
32131000
7220574
52509468
83004749
61285962
3291095
59017267
20669826
4982182
5490629
66433547
34585701
52265555
58584575
65509679
56575712
1922688
5066781
87218959
437473
27792511
5611777
40403584
22744790
15268933
14230347
72997943
44139317
95088875
34779875
99705169
47154166
95532847
80854643
84114894
18039575
23594996
674283
39561233
87263512
85561789
84225019
96237410
65842556
31593014
4009884
1624429
85478734
28518572
43117192
55918272
88367001
41637776
51963581
28582480
3259119
28443384
97289726
67120629
46395107
67475230
39896146
77072617
60552079
36877279
46951555
51812685
47328783
21727549
64463264
46985380
64605444
82165981
55578236
5300310
32075282
2844298
31366188
20571695
97180770
8566960
89051789
9469149
82863392
3016930
37204668
18004853
48398334
58036820
50128284
14178799
5161904
42187617
35038803
10294949
72397422
30727687
59963085
50406616
14008181
76389734
37074232
1043500
31443334
66643525
18672774
59518759
47479653
36691085
27904239
13165237
20264028
37460172
91958636
84828071
16797110
5981363
72325948
44286255
52706372
44276120
66668643
95897957
50628315
10726645
2193191
6080454
27101395
14661863
37420945
59136944
71875466
76367536
71650802
5794791
76990175
246837
14780507
87869203
10720695
40462977
70376739
54589759
88841596
21317952
64104037
82096988
64729241
2826309
78881920
79962300
52647168
16955653
30204309
36087448
54837412
48931097
60231948
34250122
53544447
89501376
33744144
72643603
11550092
94883418
58158350
75993111
53735502
28599278
95573050
3731804
88445000
84667813
19809034
9335310
52721155
29372749
2092473
38297918
85853963
13959639
41408709
86939486
16637554
42593241
87272561
16472775
47912267
95752461
38656836
27835955
69912368
19114960
66497160
96490563
39346109
94530724
75900364
68214011
77248787
39211439
23449443
36148545
53059414
29315385
26630115
52684897
98499375
67646002
18190246
53467276
28539723
44094634
55300940
37720660
54883290
98270294
68650551
60797746
1994257
5771282
8856846
56757248
83860136
4324185
90066235
99157887
93268316
22142671
14874989
49629395
99855726
51382968
2728726
24724994
71276067
44847998
78189038
49161336
2274882
31628335
35194478
64627078
78140569
34864636
57643862
67986910
14542969
50635708
47068200
50918937
20882741
91779174
333739
27689522
60991654
56448667
48274024
12271112
5954474
14119962
54418480
71847647
84707744
26333513
69518996
98503135
41727214
38693555
51140204
141972
24386172
53632132
91629649
45621101
56799542
17273871
43733794
76466493
27080589
29320009
79593603
36707261
2977271
55807563
31894617
36777479
8929131
2535380
69248592
4474140
41667557
22394053
58238037
54589792
36712424
62301091
28106524
97121305
78575863
7650840
32799899
43989748
14608155
76664434
57842061
85987711
49936225
59213858
98270705
72615088
65880152
74681151
86407560
73793884
52077207
36873473
11848538
17020353
19665717
54002246
96878129
54876157
54270799
30750992
5735453
1980565
45181062
67890693
40857582
23265007
59196031
59147757
47371709
8405720
59603041
33037624
46098020
59472382
5886298
39172470
69001729
55226487
88663834
90058717
24578167
12082488
40291158
89557446
32842733
12046495
74499910
37830704
59257933
84473578
13092648
38671419
39294150
54933694
62504891
41274799
85767499
42929057
19107268
89950323
82139154
5396352
9145741
91918614
31710997
76904490
10036577
77557577
14303124
86108882
16332049
68327011
66835345
33462417
24033139
26552796
76862547
54822369
65424861
91696850
210659
72539428
93156270
8650375
59541394
43799323
77995205
17447649
77784434
58831728
61843464
33711849
13822168
62695468
49898463
85652556
48140000
90869569
10853815
79082461
81987561
11638018
32799615
60374801
70247189
35353765
96538926
50022018
36489674
41492680
30011
16356717
47864372
13779177
90048291
87717683
8991680
9523949
70399718
68258011
16129187
36803994
49182347
34714767
3446097
92342301
31603352
57180955
44571398
85774981
41110170
59122289
56722240
93654853
85290659
85269032
28801859
25740214
93029831
98883832
93709460
78798483
43952030
49453631
72365438
87400315
5115590
64659328
14399377
82523251
28964190
28667358
41942558
53437025
58432395
52870565
27730876
21972370
14697206
38881730
33173190
88046389
75497804
1230406
86287066
4727773
31461822
93898471
78276443
28463875
80516223
27751550
93751024
36626306
78587720
91743626
75518211
14432025
55170263
12632236
18278980
3678189
6079851
96848169
80769059
74594564
51371338
32494444
47734617
16206795
75147579
26212737
36873568
8382097
99337997
20749210
2800118
6697738
18438926
5330062
86433694
25283021
41670292
49351253
66017822
21684437
48413816
80935566
1178115
74016260
20235414
68004345
47483160
3371675
17414479
7761917
47458547
2994884
5307655
33465123
40144489
50197513
99616679
98970008
67840532
99400410
34806555
22424751
80332244
72165898
4009685
70518109
62759755
39908690
22244169
65747132
55673439
56375757
8470639
43978121
3796924
34764154
90930500
3932582
44493648
48841150
89035593
6966424
20071885
30825439
8244482
97802
92276778
62274698
11686776
52611400
22711330
45574222
67290296
26664900
77259700
10456863
35267154
82238613
1275554
80390100
78717403
42214387
44735986
47408553
50718571
65998269
27131760
28301245
47311392
56719347
9872169
44080277
62770841
82037820
34717169
8320919
85006715
92238433
28269534
53848464
97921776
19482064
13686731
47038255
45223203
11990298
41362391
46655368
69966277
43929461
11565539
17954706
30583948
54559035
99528983
38476713
56554414
333929
73085277
23173132
79932010
78361633
12325861
30133856
64851583
78566696
95680672
27636012
76113843
80460393
35471813
15732571
34453070
68781680
63694926
66974397
53861020
19935983
57340283
16442501
55200111
95883069
13777743
13135308
60515994
94281682
54586894
88739341
70356599
58337485
11738310
51038120
68880994
26354542
78740163
37384800
84556348
31481756
65328664
65230812
6357993
72191584
90570781
96853545
81520850
80404584
84903916
5517366
89186916
7829893
46682338
66030167
74949007
67762734
65045796
37159363
88105800
63479290
76266008
41890326
94780167
67055913
71218920
27958223
31003209
52695068
99047683
32906707
26792719
38955481
47914651
13358313
63709533
64198024
80882728
88057916
89063869
49677561
209123
99623644
89005754
43563548
67797580
57324861
23855205
26151814
11775909
71883446
69669075
74812403
46551668
57088771
494492
37841598
95382533
11817155
67579998
41169259
52617445
20889851
54613816
35949342
79645032
74671250
25640784
63907617
56836645
38239443
69871438
35302242
21844085
23202542
49300702
5592050
20982263
15345783
12157233
48164487
37327119
67211237
51056252
30509051
10640226
4319508
42572664
71450571
12389980
71193283
47939809
43741337
55673002
68538903
46734584
94377643
38482368
62582551
53732865
94311785
79523412
38211886
21267653
53896419
20155105
13210540
7909392
88065097
12161829
97065029
60722740
26675056
9396643
31224720
14906756
21873236
24193314
63999881
13040602
58140816
65998381
37777680
25880339
44197352
35001489
53687656
66175373
49136320
65567458
6101432
99167152
10354850
25597429
89418125
82365538
37838012
59859303
95942231
34425745
69503327
15308821
53661671
53532077
38830466
63794338
8860408
28263722
51165757
6149109
58500003
19454979
46053710
84401336
27534056
92021042
68243351
33117402
95991596
17909305
72139678
33895694
71124406
2397597
35061003
56116809
3897393
50456421
82584878
37593928
82194221
40494751
70249079
15123208
94656926
11485660
51148539
20766539
60749403
26315695
30981622
12202010
68302753
53710641
72898116
11421502
98411661
159616
52181734
76906182
73415589
91182140
24640131
10931588
34177104
61990920
2116325
47768719
9383513
38427919
94223992
65592514
98293872
74550396
42597582
6868540
18680745
18531073
67099933
11090399
84213500
76073041
89741503
61290193
15876547
70978982
91913650
1445118
92730686
93333564
69267734
82493075
26807826
12225236
78486449
95863172
87348678
92241202
81995886
14127623
44108357
69829535
15696858
66717719
55005024
95655784
6891174
1470195
35254345
95568733
79460648
7495836
61240344
12691538
66364121
35366234
7864137
89445793
88260056
72003896
68374844
99147943
81963622
29279875
12776628
96542531
68672872
29864015
33455705
44198746
82193128
26880754
9580342
83807061
31832212
26912135
52364091
52277665
41617726
46675308
69364156
288046
65410394
67050948
41668080
3247089
89270147
79593718
87926644
90409571
15242486
77582380
41438917
34414847
37299222
80973781
72366793
22881736
67048166
64704036
85845575
32124864
73150354
52086159
44064107
77586290
59346151
69071184
53716803
55929961
40992470
74667495
30400324
32396726
91499765
9969302
81095109
30379119
71120125
97150692
15321475
92088874
57922381
35646747
69773851
79190150
24027750
16878282
9571987
54197667
8573805
62782275
99851218
54586277
41069996
87689246
75227940
37862197
30518290
31719348
32775863
76337663
83437742
59452069
90898464
97035061
61166648
19544403
3265238
39839754
40269192
85749860
59836854
49655096
43412252
26906948
21990781
24093307
89146262
53249696
91629650
95496212
91422268
2094061
88721721
52069703
4009079
47264479
41402017
40635102
40904789
85071858
26596055
77629347
63103239
85728997
39023248
41394409
40928867
42280761
16162148
88141316
61959778
48569270
28344909
81195724
35515299
16476647
77166124
22889247
21440743
16973465
22664516
83572316
24296851
71263840
81597373
75723752
95588146
81208082
17771042
46341805
70301680
94042442
61537508
29398934
58476832
48729063
21019349
75680532
7998902
8988298
17337005
21003164
11997901
30772507
16892041
68140327
8827683
11127364
30169191
18681009
67842712
50465781
96172203
49624506
31562675
22061534
44309149
87195080
12638749
76869112
68923368
30949858
14101284
28846333
48364060
43291415
89966393
59410411
98858798
94502901
81410930
66073221
40998899
68581139
29433353
14344914
32252072
2416519
927195
2296476
12658285
39008112
90912745
6804722
89888198
30414958
95730395
69435303
53382681
63890469
88748664
58418384
22494514
54863294
4714288
1848138
87079361
67708006
9834386
39229234
18720731
81907405
12086486
23185514
58440821
76660135
42522964
91933723
44213229
65290030
12668171
44337454
66888065
748191
63840539
49763026
71082709
30851257
41099595
38798585
74648945
67522113
68298628
65655770
64298304
41631616
85049428
88263025
14738195
61711811
38390380
72885498
68835356
84954330
92801570
47989626
4002931
27977882
16574704
71749686
85905813
48852316
7821043
7298362
24582368
57633403
22994029
84836820
43847704
14052057
2730051
71423254
10957285
1656667
11101824
96526679
48326739
30433384
13710032
21681074
31475280
73802351
54220550
81966469
95447345
61365854
27059606
23779060
48781614
15704619
27361820
20214628
53343457
60627279
61014739
66889216
54221260
52799558
94046495
2122552
1613264
32408592
26212356
66431805
28105910
28104627
87764396
64572806
12811689
44687031
33637605
51157582
74148794
89235368
51409056
77266451
34172251
58333336
55054707
23349272
924389
48901787
40159512
45506532
27107346
92542537
36085228
19350721
61270403
13753407
87009393
54599998
48536892
27715741
72798924
65063342
28976931
97850762
5648712
46546855
32937860
71153068
50951889
88991619
42991760
56543152
8476538
54147298
10094809
59837128
6548472
3670054
10367704
20739624
57064740
66596342
29469287
25962120
7563133
66651068
14242632
57438118
75137956
58591015
99274140
52463041
14272990
92796841
79335788
98996510
61586325
77248762
99551780
33282695
61045207
31689363
1153298
34690503
19539925
23501620
32637932
60421167
21833317
58795103
32644423
13890324
16996225
39145690
41010465
52879183
39382726
78805553
44796248
37520315
47218166
67108146
10433328
69605307
85727095
64547695
55740881
82559409
89197778
33267391
61612743
43996296
96295476
17808062
96251777
45951531
89345264
80592968
74271698
44131340
30539771
72017922
91498355
74171550
22116462
82059985
31551870
28301275
32300040
57716833
95251445
70943167
50181545
70149535
49219129
57890251
58944472
32053055
24088723
62735235
32765503
2017335
83578031
53101551
99676970
70210370
91534619
28131102
59558667
62539358
96869837
84351647
72993016
16002895
21269659
31804678
37569579
77357338
86641856
22996078
97634689
47240330
23524701
37697009
46621437
73342382
93530870
6661937
21501250
10228313
13355761
90738130
52233756
33927585
93247003
47195133
3436535
48613473
13394722
77114079
87344230
38444471
99291676
12546088
52630942
21592710
66862079
32443533
65518073
17652213
23552294
65811270
88724595
1762286
71936211
2175889
9662000
14070176
36733095
94504237
92631540
98294270
36987691
28181984
91819434
16248893
28884299
49826545
76872158
28363610
46239446
78287278
14466370
45426322
90927359
75807720
62196780
8968168
88873951
32600434
44913430
11220898
75380721
74899878
90696734
65138124
45820564
70595551
1994884
98025652
56725132
10761216
33686063
37424492
23928194
52506348
11499559
99475788
65609087
47625228
26038044
69177965
16461685
80051916
45572830
78781231
44214199
58215198
78968547
87779252
58499964
78093045
4110788
50612322
38206303
5400523
30598080
65397605
40047074
33640988
96678712
15075882
47002598
7889641
16480817
79421669
40106548
77906998
81847509
97117197
68042488
16624268
72617459
20210139
61017921
67794808
74846074
49434574
21124226
80505098
43107585
51948586
83822100
25204310
55803459
91619188
92511922
28048119
46006427
20236279
59983099
45011591
30114188
18397251
11526388
1393448
2300988
12811945
88273795
2950654
10160116
7151296
37627381
17227699
70213793
67435491
53784697
63626226
6966614
52584368
20484003
530668
10699208
10995082
88518633
19850198
28379345
5663256
60667689
45301097
64001518
10265796
74207010
21650528
1716417
24147773
91406838
17503997
36671631
89496310
8101039
41865861
93268930
43152549
12661174
99177664
40543081
59942085
84267613
52932986
83698867
99221524
51585367
91577605
21904760
58972437
80671547
92121012
87015344
95922574
49480197
75476321
69743097
26759691
88151700
43548136
21562389
11729242
16961325
71757993
80910698
98000910
2273782
72092170
64860033
81775356
94553980
75460083
89626760
83738049
19502
84116305
35883216
10835002
13287647
11499155
80194895
79108618
31442760
87834416
7615775
33786135
28737668
52421407
16438013
50427917
96555411
75032925
41550794
44816090
55296215
42804843
6866958
16419376
36721306
55243469
69183088
57852422
47861382
43235213
86730047
61653271
64255018
42530229
31509485
72124770
41206396
81031896
25927567
17940905
75237970
89662602
55390302
75013874
31504872
15547620
15471416
72544008
4851037
96193537
45533216
76486395
10601782
19955843
49469114
33343388
14194650
42468367
66215120
74296322
74059028
15456204
37939919
79663112
77174419
50350568
75290954
30772429
34168173
84221716
14958711
6279218
9477272
17132291
6112173
38511199
27570032
72444399
67664876
73785150
55326005
50133011
59215701
75545599
23824521
29409586
6889646
74317458
590326
47995407
26398431
92165168
85218918
68156146
38681463
13212115
49443241
19124010
35119144
19027129
1464818
41969029
61355335
16755174
42177114
26657498
51347533
53747102
23772508
15104896
36919897
71683055
5896792
38067156
92642475
16231717
25249041
12993718
87799082
80482387
72433966
22940429
57193695
61953489
8911036
35448127
95041656
95693752
7388842
44800953
41998278
37185128
41988428
64479597
68588095
6502403
70855897
63990351
93127805
18335984
16158701
51053015
97701565
20656729
98916360
3164546
45228641
93575597
8403724
23099473
64177263
77317150
21847491
55273801
55366927
70912036
9822039
67139825
2511120
2487032
88066008
12768215
37528932
17331738
91321786
46362891
55658400
95734475
3530068
59352226
44244605
35521428
37793378
46056501
13944154
38336190
65977475
25448287
53309367
81880791
24864188
22747203
23403707
79769907
51549172
69787651
54604207
69502569
36812918
2344266
40853121
19567314
65252978
97652419
52715331
81021453
48225916
71632032
73487785
67744894
37685259
84786196
32954766
50467018
32239355
7672025
86436463
79042140
75724044
69279659
16365294
49952740
68093280
90717386
11167312
39545043
75017473
7067004
99155200
71299552
80697433
38385545
5591050
69830022
2229944
58516669
29256353
65405059
48447442
61121898
88626842
42747226
7694398
96640740
98340846
45158098
32495864
27892739
26498108
86597238
33425120
40907172
96956997
24480275
42150201
42481192
36138606
45332541
21196074
91838451
48931393
441033
42951233
88118510
2811884
65508692
72807915
43893254
24348864
39553467
38198269
25169323
30771635
4133281
10879278
88249938
68659679
12176365
8449434
61758963
61208834
62936905
33982785
4724876
41950460
95592612
14305157
30495388
48973651
22611376
55948720
12170664
74506162
44308837
35548012
75027130
27875173
3175037
40299850
12714205
53368031
40551925
5643067
84478114
40181813
71985554
29194778
68478622
56604577
33572698
19390240
80038378
28211967
78141975
56506221
40723106
87713619
68818647
88584582
44071270
32117569
38780527
82091986
45372124
83241875
79557363
12512540
85904683
60708023
21320767
78451221
39802754
47285311
89987698
23284686
96934287
46618975
3470446
59995458
56951817
16919922
1961561
82590154
85222183
2005365
60307743
69573799
65845030
59919754
7832813
32225916
35600070
83742839
93159095
65522384
53220557
71970085
40953779
59625873
96620419
22993697
16583132
50607756
57963829
348702
20011633
26804214
9598131
90342769
71285107
63879654
10018002
35909780
51844650
83597528
21885418
72715940
53256865
31101996
33757272
94936802
92036901
75612069
20684029
38810933
74273226
56441835
86733501
48053159
31508966
30781705
67611138
20786404
1162900
30514927
41791287
90915006
30854450
88704497
80224589
74725548
6239459
85816647
47269433
94543942
49578254
39815307
45002867
88648906
85182941
83378238
61435769
39663514
11363519
33431363
51747146
69170620
86474727
73295969
86463212
34580825
38473675
38084806
48684518
97060414
97922725
81485695
76671942
13199454
54765301
44666625
55906717
66383438
54739709
60113827
77570942
79257544
77147716
10435362
99149571
39931177
99843092
31802652
2547144
82885875
45181692
62226581
18067949
9816139
92162638
18803060
50976408
12657275
59826082
82945287
26502769
10419057
19161681
77363835
84814372
45689919
39458555
93451621
20657635
68688793
177666
84224060
67965666
92114778
53491212
65344221
39333081
1060608
51721861
71179014
74034565
97891883
83424026
3042523
98328615
85145378
69299520
80117860
94468867
52855886
61657003
29918732
50808034
3771068
61385943
55040291
51539857
82503327
69568643
70675037
69086816
48224972
36475952
66229330
27383972
50841661
34303142
11315708
57546549
9746063
32092784
6907452
29630192
20885636
5492315
86131029
81840438
51345281
80284411
38700399
68121964
15055377
15555366
80480789
8229753
83236192
63119991
14715320
98991435
28451264
92908237
75196202
37690963
34688040
46993609
29840675
75319812
78858928
64747091
44428992
35088471
66710806
21567509
81308159
59986250
25089597
75060990
26245956
94802012
59039145
3145409
8061911
86098707
69829124
61419348
72896099
48575607
70563227
21001074
19603577
38781332
51294177
41660953
16339723
94821372
42079468
4395020
56849137
68285506
93794291
26742866
71490664
90177408
9598166
37776053
78555790
45093074
73129878
97724484
79995623
5233625
43221208
26572497
17080539
46998585
50830439
23419764
8574773
32216859
45449903
47262727
43548838
93085355
55876419
16057511
92964928
50683803
95319
13264697
44707579
51967647
45293895
86777827
88514356
4177391
65389582
61362831
88454185
1828296
64388816
37222764
88359294
13075691
23289425
2204524
5492923
17566492
28567163
15065542
52105163
61444773
3485147
64702070
23507583
47290320
10089508
22023352
40621833
26276977
49060780
72590737
27723394
82813018
24858346
53029958
2372196
42790628
71859454
57310435
95112464
83956844
8943401
72859318
81621577
33864916
86688849
45087953
2209975
70143742
10434430
60625803
78671974
70405205
76948576
59392767
85872708
49731908
44872134
59887499
58136999
31708348
44864552
86892115
3414980
80381107
8260894
18113724
82885177
39831967
77116391
32652529
14592644
8389119
6241507
20923234
728969
20090835
5301017
80603456
20710160
45249823
67005618
73576706
52863557
8873067
82523516
6615522
15084342
59571526
1890409
87960673
54933336
35394750
1573645
28931519
53540611
27311338
60776739
90305412
62986993
61069153
97676552
78597114
4843972
28824512
92585534
34427056
76129917
13548328
14087402
49990137
89969925
93935037
84450391
78187371
49831847
89703208
78846065
39894880
63793556
98919446
12115787
27830136
29739102
47574711
22593178
55777045
1811326
43163200
84502839
62252254
12596943
13993321
81714081
49595965
8121104
35915247
93714296
77143521
48705381
14079507
58671363
52403260
49594838
4169754
80727467
87966726
34099663
36477899
35083134
34577080
42698654
5646068
43472558
37904914
44526329
15406821
731919
13834902
56309109
10608883
18390684
15939594
38456080
64404983
93196018
89471738
56115112
9717197
93348307
80892468
22547329
37319381
26563493
29081930
54917828
27102581
15813872
27118355
33433594
35859348
83547108
76637483
25676181
1959969
74448592
18481262
71797863
96547722
39460524
33947777
14519593
22916934
64504465
43949129
63000054
19828043
32878395
26352497
91146189
67075224
17259150
83155689
91151378
61917357
89612558
5537890
92995341
50671118
34024805
9216723
59840106
63782340
67245025
88971511
2166200
20666075

