704
52104715
66179577
41915381
28136638
48314806
94010899
82587293
18846819
36995850
24941218
94201645
73673521
24138768
42892034
13128920
78281724
26587464
70631329
77163398
94777582
71296034
31325570
71018068
32774659
12467589
71014078
58213649
96788877
42230348
88866814
10849475
51678897
28638148
32709122
36456480
65103336
99560751
19309085
86211605
14884480
18033732
77087671
40037954
57458200
13268653
55747530
83393916
67652647
76995719
37820005
44656970
32606582
10466789
73958956
8836200
12966817
36627022
5611734
49788999
95020954
94303291
47432878
38700939
56432678
71368602
51976722
70905996
60985950
41017677
13333239
16486357
61112623
84829867
73776739
15569064
39920347
76164606
22300145
50082425
61036662
71340292
17092689
54652270
207721
88124782
57288390
83224037
63618803
65259620
74346150
40820718
40420258
83037695
61914333
66223308
41975262
17562061
76846954
58365049
65345887
3410769
80356064
53615391
84791730
35310464
75853030
94458016
31019449
99081029
81093560
27570959
19932456
36720126
29724836
88694068
62971400
50922492
6546574
69021708
6660151
38444295
53923693
47026246
11389926
15615192
18007499
76236743
85699866
62826653
97137225
48920359
38373676
75643513
40475928
41046322
50069577
51641602
7241089
87124073
72635122
57643201
12591454
19737982
42693245
15895989
81362847
91505371
75789970
8690640
10111686
78120475
973231
59274360
62937963
99948688
44576933
36071943
85779641
14837947
33177880
97010251
86773743
34414807
50790659
62215687
97932767
58982991
10464818
5491313
2527347
67295811
22276038
16814514
81530147
14865671
90784949
40901225
19605888
70987427
4086599
8114472
40765613
59167828
68487578
41668853
57000928
15272714
65835295
25331403
24767206
17363433
14286106
41946390
61864860
38676936
89012774
78256186
98886518
50807476
30092463
52800269
85636348
19134318
74305398
73412952
15922504
16668649
15077136
28205659
76325769
71699405
2720872
11573830
86952067
76505847
15470904
36237504
75931661
71992310
38004628
53687908
57586578
3684495
95854175
35032127
48984208
74709562
76343252
28264787
47806492
49305507
9987583
91494679
17379932
89946155
86231873
18725620
80504843
39720036
24519375
57457354
20347129
75317144
10956083
13237609
129161
78847554
63983818
83059224
1502001
12115859
13295428
2064914
17450493
9137647
34082600
98002692
85334540
71439470
46648909
53694096
64528913
45310043
66781538
3838925
21748180
42863544
52418663
75828677
29449902
14090936
96304945
71318774
62250769
79047236
9811690
49129169
89933309
51694967
99003023
59067454
99821964
88346402
54481776
40723990
53266279
53495880
21928115
94513319
23780431
89418659
96974802
6462003
53457557
45315869
27734808
61337202
59487394
98836567
30374440
83460107
27592304
1739814
39317879
49372447
44635919
38176273
91034572
66032063
34211873
96277461
63781831
4308337
26437982
95175905
61225047
24330415
71955729
98517722
89365826
72590183
27750041
31184664
13769634
27988348
60752361
18996008
56962402
20061251
28329480
94706504
88204229
90954247
29072018
6545133
4460511
60604550
78148917
97427264
30742554
73678706
42535733
24420764
69620658
95715313
47427304
85340178
22623033
96953117
22458938
37652454
55741716
17146756
50206251
36162320
20238333
96580265
90817100
20296123
81757567
77904513
15344454
77812681
9674877
63307256
98756435
95399757
53198763
58306666
5323458
90894096
73067794
45078058
92719479
84772365
85965457
20818174
92045417
880372
38337111
91999136
11730467
6334891
24608874
28725567
28220739
28081864
24022307
53559292
63553534
92663833
66268079
90840429
91973274
32414492
62891408
23595294
64527347
93505927
83918618
11497739
84322294
37041601
20451830
90028071
20657705
15448935
71665827
9099480
78984225
20692168
23756016
53471865
88644874
50563433
89087875
18432726
14756387
98818946
74748501
3457972
83299903
68786559
63947059
56664134
45253190
84527488
5362494
10589113
17477554
41498329
84344172
73502121
36420882
43639955
64576006
28955818
25357706
65065194
22425896
48089024
11208273
86849485
78475588
36102119
86414897
53289312
5346462
34294411
73241355
45911165
32509137
35147025
96314448
39595567
39007817
57738317
99174281
65993013
5193160
99848457
85423312
43255429
52795874
39498629
19814741
55477703
60234368
97982961
21423066
71737814
23287904
40978421
7343927
4506178
39044499
10151466
27689687
39252689
66374142
87515038
4023865
61266937
68123865
53158995
6837104
37778279
44936243
39341760
14548387
2859388
72441197
30144079
33297550
13252043
77096122
36618974
3262975
54066844
46690214
70020158
7959386
84179819
17505164
75330231
96646677
63219818
83996957
56477826
71940156
38888443
28436960
52313421
23113967
68649271
94168493
98880955
8642527
80491370
19589169
83771617
62783701
79418772
48887917
24519370
15207467
29075689
55467062
33783796
71186512
36581202
78803127
2381777
47086664
40376810
16312554
80561479
71517482
68177026
49816099
45473840
89266337
24518686
32008070
39861210
30827116
33675637
81495435
50554504
84843485
74229621
16550785
88855791
57208414
42944957
92074760
21745082
95954919
31426593
23214742
36866567
66086281
58503977
48254451
20593128
37812198
89107346
15512508
44201955
34953655
87644364
88679652
57997426
65430085
31447162
59513390
24475524
16882416
6367221
90196917
23275770
76534443
62440650
99870565
36858667
95521662
30246455
96397695
97413728
29778178
97925042
57466904
36046168
98674153
90619746
83612826
55579333
94739572
42131619
47663682
43217869
5581562
48066695
37169056
64342923
23080552
79577936
77717019
90971531
7886267
73665271
69867114
21642833
66926472
99004583
23165468
73190099
12342645
88662595
45590801
90296059
81380797
43045852
93431294
63421478
64032944
14604348
76657901
32898471
16974384
74355294
8371898
17655364
12623925
43968755
21236632
92950200
69139530
77956574
42885002
39924528
41074190
90525369
28114666
60719054
23404980
79885391
24194022
6241577
57755779
28710943
81468158
23435467
78775639
70634719
29461127
61753265
67677982
75115255
55925547
36155854
66603868
23927810
56585062
70706057
48514471
28053584
56172810
66564411
52481580
98970727
21715901
56215218
95568936
91339645
88242806
45069744
2791791
85286911
56573187
55230316
66445801
23956237
87862150
61828112
86764560
68908284
53280499
84300345
31015796
6279123
13162644
11905659
68926263
13238479
14199941
63674331
42508689
42362335
89188152
13625426
6384973
51698728
96668403

